68.5734,44.0875,426.424
68.5816,44.564,426.437
68.2687,43.7957,426.107
68.4099,43.1956,426.388
67.7221,43.9327,425.47
67.4181,43.2865,425.294
67.4955,45.5913,425.069
67.3006,44.8023,424.875
66.7329,44.6797,424.205
66.6298,43.4911,424.267
66.5645,43.9072,424.076
66.1025,44.0149,423.5
66.1493,46.4497,423.47
66.0204,45.3598,423.305
66.2709,44.7873,423.629
65.6511,47.0155,422.915
65.9052,43.6985,423.358
65.46,45.0089,422.647
65.083,46.6786,422.199
64.6293,47.2822,421.725
65.0207,45.762,422.096
64.6708,48.0799,421.912
64.697,44.5782,421.788
64.5759,45.3081,421.598
64.1128,45.4187,421.054
63.6282,49.0319,420.902
63.9066,44.8065,420.871
63.2862,49.6433,420.654
63.106,47.5806,420.005
62.6398,48.5098,419.678
62.8139,48.1008,419.781
63.3504,46.8922,420.198
62.4185,48.6571,419.428
62.1493,48.8168,419.109
61.7916,48.7307,418.638
61.1956,48.1003,417.791
61.5328,50.418,418.564
60.8562,49.799,417.605
61.0634,50.6932,418.03
60.7444,47.1147,417.148
60.3643,49.2087,416.919
59.714,51.9145,416.579
59.8058,50.7992,416.453
59.9248,49.5577,416.407
59.2523,52.2693,416.079
59.4258,51.9985,416.214
59.3158,51.0918,415.898
59.2978,48.3031,415.459
58.4331,52.8166,415.162
58.5913,52.6462,415.297
58.8553,50.7333,415.226
58.6923,48.689,414.728
58.6807,49.6043,414.782
58.522,51.8977,415.029
58.2557,48.3,414.149
58.1908,47.8851,414.072
57.7286,51.3606,413.876
57.7977,50.0693,413.716
57.0792,52.4392,413.332
57.2917,49.4309,413.032
56.1696,51.9261,412.036
57.738,48.5768,413.519
56.6463,49.5684,412.24
56.0468,52.9573,412.177
56.4903,48.9094,412.048
55.771,53.0842,411.876
56.0588,49.2959,411.49
56.2767,50.1429,411.781
55.9894,49.7152,411.388
55.9435,50.7836,411.437
55.1444,53.3577,411.17
55.461,50.6834,410.806
55.5336,50.0694,410.84
55.259,49.8906,410.516
55.335,49.5013,410.644
54.5832,53.6589,410.479
55.1967,52.3209,410.917
54.7808,50.1408,409.967
54.9949,51.1103,410.314
54.5977,49.9148,409.79
54.5893,50.7464,409.8
53.8169,52.67,409.216
53.4598,53.7711,409.002
54.0563,50.7821,409.193
53.8343,50.3284,408.916
53.6434,51.1938,408.698
52.9349,54.2156,408.379
52.196,56.6438,408.014
52.4518,53.747,407.632
52.8321,51.2375,407.692
51.894,55.4911,407.227
51.8345,56.7197,407.463
52.356,52.315,407.194
52.5706,51.6102,407.36
52.2591,51.6786,407.003
51.2958,54.3568,406.267
51.9751,51.8944,406.689
51.8419,52.6556,406.614
51.3395,52.9533,406.092
50.5385,57.8568,405.918
50.8939,57.1124,406.162
15.2666,66.2026,347.335
50.7698,56.144,405.744
50.8313,54.8411,405.705
50.4664,53.8496,405.041
50.0764,57.9878,405.22
50.1961,54.4444,404.611
50.256,55.8944,404.905
49.8966,54.2199,404.125
49.918,56.9937,404.625
50.0473,55.1863,404.436
49.8714,53.9532,404.118
49.6559,55.3057,403.816
15.2012,65.5076,347.162
49.6136,54.0596,403.763
49.2094,58.6984,404.06
49.3602,57.3294,403.892
49.4472,54.8858,403.435
48.6791,60.2797,403.647
48.0551,59.3229,402.466
47.7997,60.1483,402.259
48.2058,57.9539,402.297
48.2001,57.1712,402.076
47.1174,60.793,401.348
47.2613,57.2768,400.929
46.5378,57.853,400.127
46.7507,61.5048,400.991
46.751,56.6821,400.381
45.6767,62.7047,399.638
46.2037,58.6625,399.636
46.5521,56.837,400.116
45.4025,63.2281,399.324
46.1608,57.6981,399.561
45.2401,65.4197,399.602
46.2324,61.1962,400.079
45.1784,63.7744,399.058
15.5082,66.4167,347.782
45.6206,60.5807,398.94
45.6989,59.7906,398.956
45.5455,58.6117,398.591
45.3665,59.435,398.393
44.282,66.8812,398.239
44.6383,64.561,398.278
44.5679,59.5696,397.181
43.3207,60.655,395.354
43.8422,64.7466,396.954
43.8547,59.5988,396.106
44.3281,58.7998,396.777
43.2495,63.0762,395.623
42.3819,64.8446,394.584
42.1657,64.581,394.169
42.2262,65.8107,394.581
41.8363,64.3116,393.567
42.3774,60.6682,393.845
42.5711,59.7638,394.058
42.6069,59.2325,394.156
15.6955,64.7296,348.027
15.7805,65.5044,348.192
41.9152,60.8464,393.046
41.9972,59.9288,393.075
41.9063,59.4308,392.935
41.1126,62.4079,391.992
40.6576,63.4664,391.5
41.1259,60.5871,391.678
40.2155,63.4734,390.751
39.8121,63.4768,390.08
39.4653,63.4541,389.446
39.2714,63.1391,388.927
39.0427,60.3458,388.05
38.9031,61.9426,388.002
38.0946,62.3453,386.559
37.4024,65.0607,385.935
37.542,63.5819,385.834
37.9527,60.9553,386.08
37.728,60.5654,385.649
36.9036,62.1658,384.339
36.7664,63.3426,384.375
37.2579,60.637,384.776
37.1015,60.3462,384.551
37.0672,61.0867,384.445
15.9524,66.0471,348.574
36.0876,64.872,383.544
36.5558,60.9949,383.52
36.5176,60.5691,383.453
36.5008,62.0461,383.613
35.6965,63.7499,382.578
35.9725,62.1008,382.684
35.2082,64.3123,381.871
35.7414,61.089,382.088
34.9775,63.3131,381.164
35.3661,61.1815,381.429
35.4067,60.8054,381.498
34.8139,61.9292,380.554
34.9452,61.3719,380.707
34.7348,64.4584,381.003
34.4032,63.9993,380.269
34.0774,65.0581,379.983
34.2951,63.0138,379.829
34.463,62.089,379.953
34.098,61.6388,379.248
33.8708,63.0544,379.088
33.7402,62.1278,378.688
32.7263,63.3906,377.211
33.3438,61.8553,377.972
32.9447,62.0043,377.293
32.5436,61.4919,376.584
32.218,63.1264,376.29
16.4183,65.2655,349.305
31.6543,63.0525,375.372
30.796,64.1283,374.105
30.0298,62.9001,372.537
29.6059,63.0905,371.808
29.129,65.5934,371.454
28.8639,64.6078,370.777
29.0517,63.4443,370.897
28.4583,64.9123,370.176
28.9331,62.2981,370.567
28.1134,64.4986,369.479
28.3197,62.5273,369.491
28.0978,63.2129,369.197
27.8644,63.1373,368.784
27.3741,63.1739,367.967
27.7774,62.3609,368.56
27.0837,62.4516,367.396
27.239,64.1871,367.898
26.8684,64.7463,367.342
26.5917,64.7649,366.861
26.4092,64.3385,366.482
26.2116,65.5594,366.291
26.3067,63.3526,366.171
25.9962,63.953,365.69
25.8397,65.7974,365.779
25.7268,65.177,365.489
25.8044,63.1826,365.298
25.1352,65.8824,364.649
25.3777,65.086,364.881
25.4989,63.7054,364.84
24.8664,65.7941,364.105
25.208,63.3267,364.31
25.0045,62.6633,363.977
24.7594,63.5293,363.535
24.5142,65.7487,363.448
24.3091,64.6441,362.911
24.439,63.5151,362.963
23.6768,64.7682,361.83
23.4883,65.8717,361.688
23.5571,63.5488,361.464
22.9891,65.9737,360.877
23.1962,63.9416,360.89
23.0479,63.3378,360.595
22.8167,65.263,360.446
22.6339,63.6111,359.895
22.165,65.3989,359.362
22.1306,64.3509,359.107