40.3821,60.3894,424.988
40.4323,60.849,424.41
39.9159,59.4265,424.444
39.946,59.7988,423.837
40.2475,60.6624,423.83
39.529,58.8536,423.497
39.3679,58.6105,423.359
39.7116,59.4328,423.324
39.6614,59.469,422.735
39.4629,58.9781,422.478
39.7356,59.84,422.316
40.2696,61.7053,422.186
40.1735,61.9019,421.442
39.787,60.9632,421.241
40.3725,62.5926,420.813
39.6263,60.8739,420.636
40.1323,62.4248,419.978
39.5507,61.0825,420.055
39.8055,62.0123,419.586
39.5837,61.4499,419.639
39.3217,60.5558,419.604
39.7766,62.3263,418.562
39.4875,61.7679,418.24
40.117,63.0821,418.163
41.0014,64.6935,417.469
39.0501,60.9172,417.676
40.2246,63.3639,417.269
40.625,64.0889,417.037
40.0126,62.9566,416.897
39.3686,61.6118,417.652
39.5291,61.887,417.049
39.7764,62.3916,416.865
41.3802,65.3039,416.684
41.4996,65.4946,416.218
40.6812,63.9142,415.436
41.8591,65.8588,415.186
41.4669,65.3192,415.695
41.1424,64.6223,415.301
40.3715,63.4335,415.853
41.4272,65.0401,415.199
41.1382,64.4529,414.706
40.3593,63.0974,414.873
39.9485,62.111,415.256
39.9586,61.5257,414.148
41.0907,64.167,414.051
41.3564,64.4375,413.675
40.1803,61.6371,412.894
41.7508,64.8411,412.737
41.3541,64.2022,412.933
40.6642,62.8665,412.578
41.1106,63.6375,412.468
41.4997,63.9739,411.663
40.6481,62.4104,411.789
41.8906,64.614,411.436
41.9823,64.566,410.824
41.1441,63.1321,411.332
42.1017,64.819,410.596
41.131,62.5316,410.401
41.7665,63.9138,410.232
41.3813,62.8687,409.875
40.7095,61.4762,410.162
41.1197,61.9249,408.953
40.9614,61.3132,408.507
40.9855,63.6468,420.039
41.1081,63.9275,419.803
41.1794,64.1354,419.407
41.068,64.0064,419.262
41.9337,63.8419,408.478
42.1946,64.5511,408.661
42.0968,64.1176,407.881
41.6003,62.9312,408.165
41.5174,62.3103,406.941
41.2242,61.5098,406.931
42.1767,64.3901,406.589
41.8221,63.0169,406.062
42.1151,64.1378,405.878
41.6615,62.4132,405.547
41.3054,61.485,406.005
41.438,61.6818,405.501
42.2256,64.6322,405.106
41.9545,63.5564,405.068
41.7901,62.9941,404.317
41.4123,61.7683,404.321
41.9955,63.8237,403.373
41.7421,62.8277,402.702
42.2745,64.9567,403.141
41.5067,61.9658,402.882
41.7628,62.8695,402.127
42.2662,64.9851,402.072
42.2179,64.8337,401.252
41.9909,63.8827,401.253
41.7809,62.9431,401.73
41.7502,63.0842,400.663
41.7089,63.0534,399.77
42.0926,64.8608,398.308
41.843,63.6562,398.341
42.0835,65.131,397.032
41.5927,62.8298,397.276
42.0425,65.004,395.721
41.8596,64.1294,395.344
42.1632,65.7796,394.926
41.8208,63.995,394.619
41.8106,63.9987,393.973
41.9222,64.6582,393.652
41.928,65.0127,392.7
41.7873,64.4023,392.379
41.7766,64.5135,391.562
41.9302,65.4364,390.94
49.6003,70.3525,342.27
49.5308,71.0335,342.5
49.3697,69.3669,342.874
49.3133,71.0403,343.297
49.2549,69.9803,343.451
49.1255,69.5925,343.933
48.9604,69.6423,344.615
48.8648,68.8768,344.764
48.8052,69.6314,345.313
48.3737,69.9738,347.772
48.4656,70.9721,347.599
48.4762,70.4372,347.396
48.5191,69.8797,346.892
48.6125,70.4688,346.443
48.6877,70.6999,345.844
48.8213,70.5623,345.278
41.7359,64.5679,390.231
41.7677,64.7756,389.335
41.7635,64.8734,388.455
41.9257,65.8284,388.392
41.9891,65.7898,387.044
41.8557,64.9013,386.445
41.961,65.1132,385.646
42.4003,67.0447,385.107
42.2054,66.0629,385.061
42.1094,65.3592,384.271
42.3447,66.2256,383.753
42.2253,65.461,383.068
42.4627,66.3416,382.461
42.1374,64.7773,381.551
42.5559,66.6304,381.599
42.4103,65.8656,381.292
42.5362,65.9925,380.191
42.8398,67.2019,379.784
42.6866,66.372,379.554
42.9314,67.1582,379.076
42.649,65.5811,378.453
42.8472,66.408,378.29
43.0064,66.8827,377.747
43.0325,66.3864,376.353
43.1485,67.0238,376.677
43.384,67.9298,376.433
43.1337,66.4877,375.607
43.2456,66.5713,374.719
43.4692,67.4794,374.404
43.3899,66.7137,373.392
43.6009,67.5014,372.971
43.5459,66.7399,371.978
43.8106,67.7614,371.508
43.9074,67.6144,370.406
44.1685,68.5259,369.813
43.8022,66.8179,369.967
43.9642,66.9828,368.967
44.3015,68.6904,368.757
44.1316,67.3271,368.34
44.2894,68.2229,368.178
44.4272,68.3783,367.373
44.5792,68.9504,366.926
44.3947,67.5856,366.793
44.2718,67.0708,366.986
44.4967,67.407,365.71
44.6104,68.1551,365.833
44.4695,66.9211,365.026
44.7484,68.4886,365.253
44.743,67.7333,364.223
44.9604,68.683,363.81
44.9674,68.0583,362.944
44.795,67.1062,362.719
45.1577,68.4812,362.344
45.1514,67.6683,361.589
45.0851,67.3205,361.451
45.4426,69.2227,361.249
45.4528,68.7222,360.547
45.2919,67.778,360.817
45.5816,68.603,359.569
45.7315,69.3234,359.31
45.8218,68.8794,358.542
45.9983,69.6396,358.129
45.8545,68.2026,357.77
46.1989,69.8581,357.022
46.1749,69.2384,356.762
46.3269,69.0383,355.843
46.488,69.5268,355.367
46.5551,70.606,355.412
46.5834,70.2923,355.301
46.6013,69.1026,354.733
46.6398,68.6383,354.293
46.7539,70.2706,354.554
46.7803,69.8217,354.266
46.8697,69.5697,353.382
46.9316,69.2696,352.878
46.9468,70.2619,353.351
47.146,69.2874,351.965
47.2988,69.8357,351.619
47.4268,70.6654,351.347
47.5962,70.3518,350.914
47.5852,69.7961,350.873
47.7661,70.6868,350.366
47.774,69.7646,350.171
47.8913,70.3582,349.888
47.6822,69.1218,350.056
47.835,68.9606,349.282
48.1677,70.1944,348.704
48.0951,69.4325,348.642
48.2007,69.0368,347.915