56.0229,65.8816,409.193
55.3995,65.005,409.192
55.7421,65.4795,408.928
56.0373,65.8997,408.02
54.2117,63.4115,408.276
53.8832,62.9834,408.033
56.6338,66.7823,407.622
55.2933,64.8125,407.326
54.6176,63.9097,408.076
54.2896,63.446,407.632
53.7532,62.78,407.573
53.4054,62.3963,407.594
52.8477,61.8299,407.175
53.9736,63,407.043
52.3951,61.301,407.002
55.2046,64.6435,406.293
53.3439,62.3068,406.698
53.0923,62.055,406.391
54.7644,64.0095,406.012
53.7221,62.7139,406.307
54.0805,63.1451,405.852
53.0973,61.955,405.327
51.4874,59.9099,406.004
52.5484,61.3285,405.912
52.2812,60.7975,405.248
49.7227,57.5866,405.922
51.0055,59.2394,405.767
-18.6629,-12.4548,405.521
48.4249,55.7753,405.304
-18.6382,-12.6603,404.956
-17.9944,-11.9921,404.954
51.2445,59.3301,404.879
49.7608,57.3164,404.902
48.9466,56.1646,404.492
50.2521,57.8495,404.465
-14.8588,-9.43375,404.277
50.8016,58.6929,404.777
46.715,53.137,404.13
-17.8651,-12.1648,404.197
47.3248,53.9268,404.203
-15.6582,-10.2689,403.83
51.1274,58.8953,403.81
-16.5944,-10.9,404.435
-17.463,-11.8456,404.014
51.6719,59.6912,403.948
47.6029,54.4022,404.48
47.1876,53.5467,403.728
45.8513,52.0228,403.862
-15.0285,-9.80876,403.603
-16.0479,-10.7232,403.544
48.8581,55.8129,403.716
-16.9792,-11.4176,404.002
48.1916,54.9081,403.749
46.2914,52.5003,403.758
50.6793,58.2267,403.365
50.2585,57.5666,403.316
44.3557,49.9526,403.263
45.6941,51.3017,402.633
-13.9617,-9.06786,403.17
48.3984,54.8143,402.788
43.7114,49.0438,402.934
-11.8581,-7.38113,402.804
49.4179,56.296,402.817
-12.1782,-7.85055,402.25
-12.8713,-8.28109,402.712
-14.6637,-9.73471,402.996
47.2159,53.3032,403.014
-14.2749,-9.49664,402.735
46.6739,52.6176,402.998
43.7669,48.6515,401.915
44.8213,50.1515,402.458
48.7666,55.2784,402.435
48.0184,54.183,402.49
46.43,51.9662,402.102
-13.5753,-9.00085,402.445
-14.8419,-10.0652,402.388
42.1833,46.8492,402.316
-13.1542,-8.69901,402.282
48.1595,54.2578,402.041
47.5618,53.5579,402.46
45.4728,50.7317,401.922
43.2536,47.9495,401.77
46.5745,51.9114,401.389
47.3846,53.161,401.837
46.9725,52.5428,401.547
-11.2365,-7.13059,401.915
-11.8697,-7.86648,401.479
-12.9905,-8.798,401.545
43.2556,47.5611,401.004
-9.97129,-6.23109,401.349
42.4115,46.7832,401.602
-8.74368,-5.20729,401.227
43.7274,47.8489,400.249
46.2413,51.3575,400.895
-10.4021,-6.75213,400.929
-10.9335,-7.09642,401.229
39.5795,42.8525,400.916
39.2464,42.3376,400.694
-11.0411,-7.50546,400.411
42.4491,46.4606,400.742
40.5793,44.1327,400.887
-7.93656,-4.96589,400.013
-8.59318,-5.41207,400.41
42.0988,45.8276,400.337
41.58,45.5707,401.203
-11.291,-7.6759,400.435
41.2948,44.677,400.143
40.1016,43.171,400.22
-9.50726,-6.29112,400.143
-10.1983,-6.9543,399.907
42.9328,46.6963,399.868
-7.34675,-4.56967,399.609
-8.93478,-5.92854,399.787
37.7143,39.8064,399.257
39.1501,41.9381,399.986
-9.6208,-6.64698,399.434
-9.88099,-6.78912,399.618
38.0221,40.45,399.675
41.4736,44.408,399.041
35.2976,36.7566,398.898
40.1057,42.7221,399.338
34.993,36.3226,398.736
38.8912,41.3168,399.326
38.36,40.5293,399.004
40.3726,42.8164,398.803
37.0704,39.1308,399.25
-8.7022,-6.08621,398.817
37.2625,39.0649,398.644
34.6334,35.757,398.471
40.0562,42.2914,398.51
-6.35037,-4.11078,398.435
-5.47297,-3.39336,398.385
-7.51794,-4.99946,398.901
-8.2079,-5.76993,398.529
34.1539,35.1778,398.349
40.266,42.5184,398.251
39.5304,41.5758,398.385
-6.76918,-4.60545,398.118
33.7924,34.6899,398.182
-7.18526,-4.83566,398.54
37.0073,38.653,398.406
-5.85529,-3.9738,397.692
33.3324,34.0492,397.929
-4.82827,-2.92568,398.032
-7.5458,-5.40614,397.898
-7.24322,-5.23961,397.562
-7.41836,-5.35022,397.704
35.7139,37.0264,398.351
36.7221,38.1474,398.052
37.6833,38.9309,397.341
36.2456,37.5476,398.047
-5.87931,-4.25523,396.998
-5.35746,-3.92113,396.732
31.0383,30.5247,396.101
34.9489,35.0644,396.409
-3.68217,-2.44329,396.438
-4.37984,-3.01081,396.624
35.4393,35.8836,396.922
-4.75208,-3.5793,396.085
36.3406,36.9504,396.759
33.5311,33.7612,396.79
-3.4426,-2.6689,395.37
31.8099,31.742,396.731
-5.52299,-4.24029,396.257
34.3964,34.3473,396.076
32.658,32.3603,395.896
-2.66224,-1.8266,395.878
35.5879,35.8052,396.351
31.7665,31.0571,395.454
30.5783,29.8005,395.843
35.9576,36.3508,396.492
36.2864,36.7539,396.112
30.8294,29.5964,394.865
36.0974,36.4407,396.037
35.9283,36.1748,396.047
35.692,35.853,395.866
27.9798,26.3745,395.782
29.6473,28.4362,395.569
28.9523,27.2672,395.063
27.2735,24.9195,394.914
27.0112,24.53,394.814
-2.51014,-2.05808,394.937
29.6218,27.8817,394.52
26.8657,24.2097,394.52
-1.39842,-1.08155,394.849
30.3533,28.9376,394.788
-0.147268,0.027107,394.895
-2.00814,-1.75538,394.486
28.4871,26.6018,394.921
-0.752769,-0.739631,394.266
-3.64024,-3.15325,394.55
28.5451,26.3524,394.214
26.3842,23.3129,393.803
25.7363,22.6119,393.664
27.8495,25.526,394.451
-2.13088,-2.20857,393.542
-0.793657,-1.06958,393.439
1.89239,0.993163,392.612
28.015,25.2346,393.351
-1.98656,-2.1415,393.224
1.20039,0.520399,392.977
27.0872,24.1236,393.736
26.8364,23.6048,393.297
2.59211,1.46247,392.246
29.0537,26.522,393.139
27.6071,24.5849,393.151
-1.64223,-1.9079,392.949
-1.87685,-2.04393,393.029
-0.31067,-0.775677,393.059
-1.3056,-1.70675,392.891
0.892655,0.0181027,392.349
3.09769,1.64432,391.562
26.8472,23.2798,392.494
25.7154,22.3141,392.999
0.107168,-0.496911,392.831
26.3741,22.6901,392.334
25.3528,21.7635,392.449
24.8007,21.3327,392.703
-0.562034,-1.25668,392.295
3.90601,2.50767,392.089
22.0016,18.7508,392.45
1.29052,-0.0326716,391.174
26.1715,22.348,391.902
0.780724,-0.369328,391.458
5.68475,3.90507,391.66
4.47579,2.90388,391.821
6.18437,4.28178,391.52
0.431519,-0.603543,391.632
6.63808,4.52894,391.178
25.8182,21.8876,391.605
25.7787,21.768,391.242
4.95772,3.19869,391.508
24.8362,20.9458,391.594
23.5352,19.9842,392.217
6.38947,4.03085,390.367
24.2593,20.3793,391.501
22.7268,19.1279,391.825
1.64523,0.181241,390.748
3.27009,1.44289,390.542
24.1784,19.9605,390.456
22.2467,18.4036,390.789
5.20873,3.0773,390.557
21.6063,17.7676,390.604
7.67747,5.12247,390.303
23.1385,19.0767,390.42
16.8115,13.041,389.306
6.77931,4.12638,389.68
4.43107,2.28179,390.122
18.8889,15.0238,389.924
4.07408,2.01223,390.223
9.40464,6.40352,389.719
19.4936,15.6019,390.066
4.90373,2.63217,389.961
8.77105,5.7177,389.334
12.9117,9.68424,389.853
11.8907,8.77286,389.928
4.74179,2.34901,389.428
18.3009,14.4458,389.709
21.0884,16.8307,389.273
6.57058,3.7007,388.96
15.5681,12.0115,389.47
15.0561,11.2141,388.593
14.487,11.0007,389.378
13.0508,9.5632,389.272
8.0405,5.18677,389.612
18.2343,13.9568,388.479
17.3489,13.1197,388.258
16.2186,12.2121,388.468
10.6109,7.25706,389.096
7.70658,4.59451,388.751
14.1073,10.3268,388.607
9.92002,6.54988,388.939
11.5599,8.1585,389.156
11.0053,7.51191,388.803
12.2422,8.47497,388.457
18.8074,14.0369,387.356
13.4573,9.78432,388.85
22.6212,17.731,387.713
10.597,6.89003,388.216
13.2598,9.23423,387.97
10.9913,7.14488,387.923
21.3373,16.5514,387.841
12.0958,8.1498,387.911
12.7069,8.68794,387.846
22.519,17.5497,387.391
22.3744,17.3024,387.154
19.7275,14.8248,387.297
11.6495,7.69857,387.642
11.1425,7.25683,387.693
15.2345,11.0141,387.571
14.1531,10.01,387.647
13.6444,9.51232,387.633
12.6843,8.59648,387.533
19.87,14.7029,386.577
22.0697,16.8756,386.815
21.6025,16.2634,386.326
19.4387,14.22,386.293
22.7204,17.2977,386.014
21.1194,15.6454,385.78
20.5552,15.1169,385.837
22.2511,16.7309,385.747
22.091,16.414,385.135
21.5819,15.8713,385.002
22.3368,16.5704,384.681
22.1462,16.3034,384.29