-14.9627,67.0324,376.782
-14.6096,66.8766,376.775
-15.1181,67.3771,376.8
-14.2778,67.0064,376.776
-14.2556,67.2561,376.801
-13.894,66.8388,376.782
-13.8206,66.5343,376.793
-15.4723,66.9946,376.836
-13.4564,66.4022,376.823
-14.9757,66.5104,376.832
-15.4644,67.394,376.821
-13.2495,66.6057,376.845
-15.212,66.8069,376.818
-14.5764,66.5515,376.794
-14.9134,67.5553,376.821
-14.1712,66.3767,376.807
-14.9385,66.2132,376.904
-15.9686,66.5263,376.989
-16.4776,67.4409,376.967
-15.4952,66.1253,377.003
-16.6444,67.7548,376.972
-17.0144,67.9715,377.047
-16.8393,66.3903,377.155
-16.4941,66.8931,377.046
-15.5173,65.6719,377.14
-20.3978,64.313,377.311
-20.2323,64.585,377.28
-16.7407,65.3963,377.295
-20.517,65.244,377.285
-20.283,65.4037,377.283
-13.1057,65.2701,377.27
-16.1447,65.2872,377.298
-17.742,66.4387,377.244
-17.6868,67.7522,377.221
-20.71,64.3011,377.328
-18.1733,68.0377,377.339
-17.2448,65.0465,377.389
-20.6213,65.3706,377.335
-18.9654,65.0578,377.428
-17.9948,65.5345,377.363
-13.697,64.9384,377.392
-20.5637,65.771,377.383
-20.3767,66.0413,377.38
-12.6066,65.186,377.389
-20.7902,65.0716,377.382
-18.756,66.6448,377.421
-19.4365,65.7056,377.352
-19.5571,66.3695,377.419
29.1279,60.885,392.511
28.9698,61.0434,392.422
28.43,60.9901,392.223
28.6322,59.1126,392.278
28.4443,58.6508,392.199
-18.012,67.2942,377.31
28.703,59.7767,392.305
28.2359,61.2846,392.13
28.1072,60.2879,392.103
28.1447,58.2053,392.042
28.2524,62.2024,392.047
27.8995,61.7283,391.986
28.2845,63.5141,391.853
27.2884,62.3272,391.796
27.3789,61.8001,391.842
28.0973,63.1312,391.849
27.7033,62.9926,391.789
27.2306,60.2246,391.806
26.944,61.1463,391.736
27.278,63.4904,391.62
26.6557,63.2791,391.541
26.9013,62.3106,391.716
27.3082,58.348,391.714
26.6938,62.7647,391.63
26.852,59.9078,391.667
-20.3644,66.4437,377.453
26.8701,57.8655,391.502
27.5494,64.0226,391.56
25.8862,63.038,391.402
26.5654,60.8295,391.597
26.0937,62.584,391.488
27.5361,64.3579,391.473
27.139,64.6026,391.329
25.4252,62.0427,391.276
25.9448,60.9254,391.41
28.1739,65.1499,391.372
26.2313,60.0036,391.48
26.364,58.26,391.345
26.5586,58.0159,391.406
26.2284,63.7292,391.377
25.6285,63.5409,391.271
28.2202,65.5338,391.234
27.6716,65.0304,391.284
26.0175,58.3412,391.245
26.4958,64.498,391.233
26.1943,64.1711,391.273
26.4877,58.8135,391.442
25.8802,59.7812,391.346
26.1865,59.1045,391.375
27.6103,65.4,391.081
25.854,64.3189,391.163
25.3434,63.9567,391.122
26.4745,64.9716,391.069
24.7261,59.7621,390.967
24.3112,61.6697,390.936
26.0523,64.804,391.042
23.6058,62.2258,390.756
24.1959,60.195,390.857
23.8034,63.207,390.814
26.7866,65.8749,390.715
24.7746,59.1588,390.935
24.684,64.2455,390.93
24.2602,63.9839,390.882
24.2618,58.9855,390.827
25.8257,65.8369,390.562
23.8996,59.7368,390.758
27.5556,65.7398,390.886
25.2627,64.9074,390.872
-15.7128,64.4303,377.586
-19.3617,66.6573,377.46
27.2858,66.1689,390.64
23.5072,59.9319,390.677
24.0333,59.1909,390.77
23.7488,64.3839,390.709
-15.0855,64.8149,377.429
23.2921,63.607,390.641
22.7234,59.7068,390.496
23.2045,65.2439,390.432
22.1945,64.7081,390.246
22.1431,63.9096,390.272
-14.3781,65.2455,377.229
22.4693,59.8579,390.421
22.7976,65.3828,390.317
22.1305,62.3504,390.372
22.1947,60.1368,390.333
22.8217,64.9356,390.422
22.0199,64.9124,390.175
21.8533,65.0207,390.112
21.5704,63.2395,390.153
25.7638,66.3631,390.302
22.458,65.5782,390.204
-18.6913,67.037,377.455
27.5924,68.377,390.105
27.6758,67.0686,390.288
20.9858,63.3383,390.002
20.9427,62.003,390.083
25.2842,66.3688,390.235
21.1331,61.3351,390.122
21.0012,60.5239,390.125
27.2404,68.6529,390.053
27.777,67.6328,390.095
26.736,67.3305,390.059
-19.1014,64.3634,377.445
22.3983,66.4277,390.058
22.2069,65.9078,390.106
27.5546,67.9855,390.033
27.4958,67.4541,390.1
27.1645,67.5661,390.03
26.3536,67.4659,389.971
26.0035,67.3042,389.963
20.5539,61.9061,390.006
24.1055,66.4701,390.076
23.4649,66.1366,390.166
27.1925,67.8667,389.985
20.2141,61.7158,389.946
23.3249,66.9523,389.885
21.7291,65.8308,390.051
21.3531,65.2737,389.973
20.1179,63.2711,389.822
20.597,63.2414,389.926
19.9339,61.3117,389.888
26.6195,68.3382,389.898
26.9505,68.2707,389.956
24.9493,66.5337,390.128
22.8451,66.7139,389.976
26.3565,67.9114,389.874
24.5383,66.5303,390.09
19.7709,62.4914,389.835
20.834,65.3271,389.803
19.433,61.3965,389.785
24.8505,67.5124,389.753
24.2333,67.4089,389.74
19.5356,64.287,389.6
-18.3058,65.0529,377.466
18.8483,61.4776,389.678
18.9977,62.0401,389.697
18.1712,61.7861,389.505
18.4842,64.5116,389.341
-12.583,66.1285,377.444
18.0527,63.2057,389.332
17.3541,63.9301,389.058
-11.8106,65.7745,377.474
16.4981,61.8809,389.049
16.0653,61.9264,388.928
16.6656,63.7559,388.891
17.0348,65.2822,388.835
15.495,61.9548,388.775
16.5452,65.0374,388.729
16.2361,63.2755,388.852
16.3139,62.6319,388.95
15.6159,63.1715,388.731
16.133,65.1698,388.659
15.0355,62.0043,388.638
15.5382,63.815,388.633
15.1444,62.9236,388.612
15.2202,64.2048,388.489
14.8154,62.4125,388.54
-19.0408,67.2323,377.525
13.7474,62.1622,388.195
14.5092,65.2565,388.179
14.5655,64.4868,388.248
14.4948,63.7316,388.307
13.23,61.734,388.06
14.2513,65.2233,388.068
13.8637,64.3352,388.013
-18.7452,67.9779,377.491
13.0568,63.0033,387.875
13.4583,64.2309,387.874
13.0698,63.9574,387.777
12.068,62.6083,387.565
12.3113,64.7568,387.418
11.5981,62.9077,387.38
11.2061,62.1392,387.317
11.5666,65.1272,387.123
11.6558,64.6729,387.187
-14.6412,64.4268,377.586
11.3002,63.893,387.151
10.6688,62.3786,387.088
10.7116,64.0591,386.901
10.1962,63.4831,386.784
10.0639,62.7618,386.821
9.46323,62.4447,386.635
9.54064,64.3248,386.469
8.96312,62.2831,386.506
8.91958,64.5346,386.238
-12.0734,64.7642,377.707
8.54061,64.3125,386.108
8.37103,63.7592,386.132
8.23647,62.7644,386.234
8.39464,62.225,386.349
7.55232,62.3862,386.087
7.85716,64.4609,385.895
7.08566,62.6578,385.888
8.02675,65.0143,385.871
7.32033,64.2109,385.774
6.47652,62.0844,385.745
7.05111,64.839,385.622
6.88628,63.4109,385.731
5.9069,62.1926,385.499
6.69421,64.9374,385.508
5.78268,62.9555,385.368
6.03219,65.0924,385.256
6.17289,64.5948,385.359
5.55772,63.547,385.219
-12.515,66.2309,377.553
5.66586,65.1339,385.106
-17.8235,63.8539,377.742
5.23246,65.1362,384.915
4.98362,64.047,384.924
-17.3212,64.0527,377.702
3.72552,62.0114,384.649
-19.4872,67.1107,377.526
4.41098,64.387,384.617
3.17327,63.9277,384.162
2.94814,62.7092,384.214
3.92893,64.4353,384.409
2.48306,65.0591,383.702
1.55416,62.952,383.613
1.66294,62.29,383.768
2.02807,64.804,383.484
0.94884,62.349,383.467
1.66751,64.4605,383.384
1.03022,63.8851,383.237
0.763012,63.4783,383.192
1.44949,64.1945,383.363
1.26081,65.0421,383
0.590679,62.3312,383.315
1.84695,65.3437,383.236
1.23465,65.4312,382.887
-20.5832,63.3628,377.55
1.79633,65.5875,383.153
1.04278,64.7762,382.98
0.211954,63.2392,382.977
0.265286,62.7168,383.092
0.623515,64.4667,382.854
0.138428,64.5209,382.579
0.0671295,65.1255,382.328
-19.735,63.232,377.63
-1.37886,62.561,382.22
-19.888,63.5247,377.522
-1.20652,62.9362,382.24
-1.68751,62.5008,382.105
-0.184244,65.079,382.163
-0.202625,65.5438,381.983
-2.09235,62.5524,381.9
-2.30653,62.1613,381.937
-0.466177,65.0683,381.972
-0.769394,64.2076,382.087
-1.31697,63.8458,381.878
-0.802338,64.9098,381.805
-1.18504,65.3455,381.365
-4.10884,62.2066,381.1
-1.91684,64.2997,381.36
-2.62131,64.3555,380.921
-3.97682,62.8105,380.865
-1.9451,65.12,381.007
-3.04264,64.1029,380.778
-2.32795,65.337,380.695
-3.13752,63.1339,381.158
-4.48006,63.0341,380.599
-4.83643,62.5222,380.691
-20.5091,66.5654,377.527
-2.2617,65.7637,380.58
-18.358,63.5577,377.754
-5.21869,62.4839,380.56
-11.5368,64.9024,377.744
-2.69376,65.3331,380.468
-3.01538,65.1719,380.342
-5.70146,62.7538,380.314
-4.66937,63.7103,380.237
-6.32079,62.5778,380.136
-19.8972,67.2788,377.572
-4.33421,64.1885,380.119
-3.97405,64.4863,380.119
-6.63662,62.5392,380.037
-4.39975,65.8855,379.951
-5.50852,63.4684,380.084
-3.60027,65.8855,379.959
-4.00425,65.8206,379.915
-4.24422,64.6931,379.945
-4.12004,64.9848,379.897
-7.09488,62.4487,379.965
-5.48075,64.0595,379.821
-7.5362,62.6059,379.82
-5.461,65.3724,379.62
-19.9992,59.031,379.768
-7.40578,63.2497,379.611
-19.5832,59.19,379.607
-5.69725,64.218,379.682
-8.0943,63.3592,379.361
-5.94747,64.1805,379.615
-8.66638,62.5472,379.497
-5.49494,65.1382,379.487
-8.52127,63.0237,379.385
-9.42712,62.667,379.251
-18.1875,59.5478,379.358
-9.62584,62.3098,379.302
-19.5608,59.4784,379.391
-6.31027,64.1953,379.485
-5.90583,65.1587,379.335
-10.1148,62.247,379.196
-19.7235,59.675,379.28
-20.0787,59.8116,379.271
-6.85855,63.955,379.444
-9.28201,63.1435,379.138
-6.24388,65.2634,379.214
-18.2998,60.0637,379.086
-17.6409,60.0247,379.113
-16.3748,60.0545,379.111
-18.824,60.5877,378.812
-9.17748,63.6704,378.895
-17.3165,60.2137,379.012
-7.6131,64.3904,378.985
-8.18496,63.9611,379.038
-19.3867,60.0289,379.07
-11.9741,61.5505,379.025
-15.3159,60.4994,379.015
-16.9808,60.3594,378.96
-19.222,60.4254,378.876
-19.9034,60.0943,379.096
-10.7417,62.5563,378.959
-15.2419,60.7414,378.92
-10.8298,62.0936,379.086
-17.0337,60.8367,378.824
-7.45502,64.8378,378.818
-20.0707,60.423,378.95
-11.2736,62.0282,379.013
-16.0792,60.7604,378.895
-12.0466,61.9653,378.882
-11.7227,62.3688,378.827
-17.5818,61.2649,378.673
-13.7506,61.4495,378.812
-14.1276,61.3189,378.817
-15.8375,61.0286,378.818
-19.6199,60.7626,378.729
-12.5326,62.2048,378.744
-12.8548,61.7454,378.826
-18.7158,61.012,378.617
-13.4856,62.0651,378.662