-10.1911,71.0897,333.746
-10.2011,70.3458,333.732
-10.3375,69.5195,334.703
-10.297,70.194,334.465
-10.3109,71.0456,334.953
-10.3476,71.3035,335.459
-10.5265,69.3077,335.629
-10.7576,69.6204,336.536
-65.5621,49.6051,422.639
-64.8183,50.881,421.799
-64.9532,49.5821,421.965
-64.9856,48.3193,422.181
-64.6295,50.3116,421.559
-64.6748,48.8276,421.722
-10.6571,70.6539,336.424
-64.0897,48.6714,421.101
-64.0892,50.4341,420.925
-63.9565,51.1014,420.805
-63.636,49.7002,420.465
-63.6255,48.8677,420.54
-63.1492,49.9203,419.889
-63.1675,50.81,419.847
-62.6891,49.2181,419.454
-62.3709,50.9349,418.952
-62.7969,51.1884,419.461
-62.0678,50.0693,418.606
-62.2178,49.4115,418.891
-62.0798,51.5071,418.587
-61.5217,51.3532,417.863
-10.8165,70.9149,337.059
-61.3608,50.0768,417.798
-60.7175,49.6199,417.196
-60.871,49.1995,417.466
-61.1058,50.7886,417.42
-60.3871,49.0739,417.025
-60.2602,50.6096,416.51
-59.9356,49.8837,416.298
-60.4325,52.1374,416.546
-59.9852,51.3827,416.121
-59.3759,51.5351,415.412
-59.231,49.7616,415.606
-59.1796,52.4397,415.064
-59.2734,52.8309,415.148
-58.7841,51.1229,414.814
-58.5878,52.0275,414.467
-58.6042,50.397,414.789
-58.2347,52.2283,414.058
-58.0159,50.3583,414.23
-57.7845,52.5361,413.545
-57.3969,50.6013,413.537
-58.2157,52.9642,413.936
-57.0897,52.2884,412.859
-56.8549,51.1936,412.811
-55.9894,51.0842,411.961
-56.8416,53.5977,412.364
-56.5279,52.903,412.145
-55.9748,53.1824,411.442
-11.1374,68.982,337.719
-55.2402,51.405,411.117
-55.3306,52.6487,410.913
-54.6247,53.5692,409.933
-53.8263,51.7134,409.632
-54.3845,54.8979,409.311
-11.0833,70.8608,337.733
-53.8841,52.7038,409.367
-53.3484,53.0084,408.73
-54.0025,55.5741,408.717
-53.9107,55.1734,408.699
-53.0296,54.5192,407.99
-52.9537,53.3154,408.252
-11.355,70.8175,338.186
-52.5935,53.6034,407.824
-52.6865,55.1646,407.465
-52.0358,55.5431,406.582
-51.4805,54.7404,406.258
-51.0404,55.0895,405.728
-50.508,55.6051,405.03
-50.6776,55.2557,405.351
-49.8732,54.8224,404.861
-50.9077,56.6491,404.89
-50.529,56.9369,404.264
-49.8692,56.4933,403.725
-11.5979,70.2144,338.539
-11.5418,71.4429,338.631
-11.4113,71.6718,338.564
-49.5725,57.0925,402.989
-49.9169,57.8508,402.898
-49.0425,56.6842,402.667
-49.5714,58.2304,402.274
-48.9165,57.9666,401.796
-48.9412,58.7196,401.399
-49.7217,60.4021,401.398
-49.4763,60.023,401.278
-48.942,59.6871,400.893
-48.5008,59.0187,400.784
-48.5602,59.9705,400.385
-48.8649,61.7714,400.042
-48.4378,61.3006,399.739
-47.5735,59.9448,399.409
-47.6408,61.2225,398.958
-47.4634,60.1545,399.178
-11.4604,69.3704,338.367
-47.0722,62.6209,397.774
-46.6692,62.9853,397.189
-45.9886,62.1449,396.664
-45.5811,62.3468,396.112
-45.8403,63.6401,395.977
-44.2631,61.5095,394.945
-11.8092,69.0617,339.098
-44.8396,63.3346,394.935
-43.8926,61.5008,394.526
-44.1593,62.1992,394.505
-44.4627,65.0059,393.986
-12.0085,70.5379,339.247
-43.7385,62.3943,393.956
-43.7237,61.7902,394.118
-12.1007,71.0365,339.423
-44.4926,66.6764,393.438
-43.3507,62.7528,393.494
-43.0115,62.3176,393.321
-43.0576,63.2673,393.175
-42.5862,63.0276,392.894
-44.4287,67.7976,393.151
-44.1626,67.1984,392.913
-43.4351,64.959,392.934
-42.6052,62.4782,393.007
-43.098,63.9973,393.015
-42.2693,62.2064,392.859
-42.288,63.1384,392.669
-42.0087,62.707,392.531
-41.971,62.3244,392.608
-42.643,64.3087,392.541
-42.3044,63.6895,392.476
-43.7113,67.6963,392.166
-43.6265,67.2147,392.228
-43.103,65.7274,392.322
-42.6691,64.9629,392.216
-41.8597,62.9672,392.206
-42.0422,63.5958,392.157
-41.5377,62.6873,391.653
-43.5335,67.9555,391.928
-42.3229,64.8387,391.748
-42.0346,64.0908,391.754
-42.6721,65.7066,391.488
-42.1533,65.0816,391.073
-41.5506,63.5587,390.929
-41.865,64.3336,391.079
-43.1981,67.352,391.55
-41.2548,63.3002,390.369
-42.8632,67.3881,390.832
-42.4537,65.9251,390.659
-40.9895,63.3217,389.671
-40.8849,62.3849,390.36
-42.6253,66.83,390.417
-41.7685,65.5062,389.448
-40.6197,62.4064,389.662
-41.5449,64.9566,389.444
-41.1317,63.997,389.391
-42.139,67.3699,389.059
-42.1089,67.5838,389.014
-40.6579,63.2651,388.788
-41.9753,67.5409,388.72
-40.5294,63.3906,388.243
-41.2868,65.0322,388.503
-41.6788,65.8473,388.707
-41.3466,65.4902,388.059
-40.7451,64.1981,387.906
-40.2956,63.8354,387.017
-41.0251,66.5584,386.578
-40.7962,66.0501,386.422
-40.9195,65.597,386.901
-40.5141,64.71,386.768
-39.7845,63.1566,386.571
-39.8387,64.2154,385.951
-39.7843,65.2447,385.316
-39.4744,63.469,385.84
-40.3364,66.1924,385.654
-40.1592,66.7215,385.194
-39.3067,65.4703,384.534
-38.581,63.4224,384.484
-38.7768,64.4049,384.284
-38.2651,64.3264,383.616
-38.5013,66.641,382.985
-37.7722,64.3407,382.958
-37.748,65.527,382.453
-12.235,69.5558,339.827
-36.7999,64.734,381.549
-36.6805,65.9685,380.905
-35.8343,64.6548,380.293
-36.0581,65.7598,380.161
-36.9343,67.1939,380.824
-35.4013,64.6955,379.702
-35.7853,66.9419,379.35
-34.9273,64.7458,379.078
-34.8247,65.6253,378.602
-35.2146,66.7047,378.694
-34.1387,64.8418,378.046
-34.797,67.1423,378.075
-12.2968,70.1881,339.804
-34.1078,67.1183,377.21
-33.6842,64.989,377.404
-33.4233,66.0328,376.695
-33.2681,65.1246,376.827
-32.7729,66.4106,375.768
-32.1719,65.5145,375.379
-32.1087,66.6342,374.888
-31.1576,65.7344,373.972
-30.7447,65.8267,373.416
-31.6456,66.6932,374.237
-31.2159,66.7292,373.627
-31.067,67.9254,372.937
-30.2604,65.8646,372.791
-29.8748,66.0184,372.18
-30.4338,68.0657,372.045
-29.6788,67.1334,371.352
-29.3646,66.1902,371.346
-29.3542,67.2681,370.852
-29.0398,67.3566,370.368
-12.5306,70.6341,340.268
-28.6264,67.2919,369.799
-28.184,67.4056,369.116
-27.5323,66.4723,368.609
-12.4612,69.1865,340.437
-27.1562,67.4424,367.565
-26.4593,67.282,366.478
-26.1304,66.4097,366.444
-25.7147,66.4959,365.767
-26.4036,68.4696,365.773
-25.3679,66.5596,365.157
-25.0437,65.715,365.216
-24.7861,65.7912,364.714
-25.3932,67.6058,364.568
-24.9747,66.8241,364.35
-24.445,67.2693,363.166
-24.5129,68.3296,362.705
-24.1555,68.3814,362.1
-23.882,68.4729,361.609
-23.3549,68.3294,360.803
-23.0172,66.7354,360.967
-22.9399,67.4268,360.52
-23.3163,69.0745,360.449
-22.4455,67.2439,359.802
-21.9331,67.3495,358.94
-12.7699,69.8606,340.994
-21.9172,68.5202,358.482
-22.191,68.1985,359.003
-21.4797,68.3124,357.876
-21.4552,69.3133,357.489
-21.0001,67.3696,357.583
-20.9755,68.3705,357.197
-20.3516,67.9543,356.331
-20.3469,68.9322,355.817
-19.988,68.9385,355.175
-19.4608,68.2208,354.55
-19.2158,67.2298,354.552
-19.1508,69.9976,353.325
-19.0838,69.0765,353.545
-18.4446,68.168,352.796
-18.1719,68.6833,352.072
-17.8908,67.9125,351.871
-18.1551,69.6598,351.626
-17.879,69.5737,351.149
-17.731,68.7378,351.206
-17.7721,70.0599,350.824
-17.2654,68.3359,350.54