-2.42495,68.6083,393.514
47.8942,72.2108,362.667
-2.98475,68.5006,393.361
-4.40975,68.012,392.854
-3.8851,68.1277,392.808
-1.69685,68.5484,393.186
-4.16421,67.9969,392.601
44.2358,71.4574,362.752
-3.35973,67.7558,391.701
-15.8268,66.4126,392.207
-3.59473,67.6541,391.484
-15.5217,66.4306,392.133
-16.8348,66.5717,392.036
-17.0907,66.576,392.126
-17.5144,66.6568,391.985
47.8784,72.236,362.937
47.9773,72.2607,363.25
-5.50493,67.529,391.932
-3.77895,67.5665,391.274
-13.4833,66.3375,391.573
-20.5112,67.192,391.484
-16.0443,66.2116,391.229
-16.7676,66.2591,391.061
-0.157715,67.9879,391.361
-3.95503,67.4655,391.01
-9.00913,66.7386,391.077
-9.61376,66.6528,391.224
-22.6682,67.5881,391.218
-19.7704,66.6711,390.711
-10.248,66.5614,391.317
-12.8952,66.2995,391.443
-17.7804,66.4059,390.997
-7.09423,67.1076,391.391
-8.62668,66.5894,390.198
-24.6839,67.9161,390.808
-20.471,66.8067,390.616
-11.6197,66.165,390.755
-22.518,67.2337,390.323
-24.735,67.6595,389.938
-25.1844,67.7351,389.885
44.7344,71.4998,363.184
-10.7606,66.2251,390.45
-13.1444,66.0359,390.595
-23.0039,67.3459,390.296
-13.7916,65.876,390.132
-25.7064,67.8229,389.694
-14.3673,66.1492,391.013
46.0766,71.7821,363.039
-20.6979,66.5393,389.858
-15.9018,65.9736,390.495
-4.80934,67.2882,390.873
-18.0217,66.0912,390.233
-19.2617,66.3157,390.166
-12.5964,65.9503,390.199
-14.983,66.0092,390.617
44.4112,71.3516,364.325
45.5566,71.5982,363.559
-26.0691,67.8757,389.5
0.489721,67.6188,390.119
-0.478928,67.1623,388.717
-21.9435,66.8298,389.684
-23.486,67.4054,390.074
-9.02793,66.3118,389.401
-10.5136,66.0537,389.578
-18.6237,66.193,390.239
-27.1143,68.0052,389.117
-9.79767,66.1981,389.5
-22.3957,66.5241,388.666
-28.0775,68.4114,389.68
-7.13398,66.5572,389.401
-7.77035,66.6069,389.758
-2.16643,66.84,388.131
-2.89392,66.9115,388.636
-4.89391,66.9278,389.766
45.2334,71.4501,364.7
-23.8946,67.4757,390.013
-12.7949,65.6281,389.354
-13.1053,65.5361,389.299
-13.5421,65.5357,389.337
-19.2801,65.9397,389.298
43.6742,71.2416,364.364
-27.1202,67.754,388.333
-9.80094,66.0392,388.983
-20.7762,66.1493,388.917
-24.306,67.2925,389.227
1.61578,67.2696,388.789
-21.5788,66.2815,388.727
1.80858,67.1002,387.987
-8.35753,66.22,388.74
-8.53594,66.1123,388.608
-8.00595,66.0757,388.399
46.5197,71.7472,363.824
-7.21552,66.168,388.267
-7.5849,66.0694,388.276
-26.0047,67.2692,387.78
-4.34737,66.4473,387.7
0.442097,66.8578,387.478
45.4082,71.3952,365.253
-28.314,67.9873,387.872
-29.7008,68.4002,387.938
-31.7785,68.611,387.633
-31.0734,68.5105,387.483
-29.5385,68.2331,387.2
-32.5536,68.685,387.405
-29.9954,68.2246,386.696
2.85724,66.8414,386.717
-28.9922,68.0547,387.096
-30.7226,68.3529,386.799
46.6281,71.5857,364.644
-32.2406,68.4642,386.516
-34.841,68.6664,385.937
-0.525837,66.4694,386.438
-29.093,67.9605,386.602
-31.281,68.2542,386.114
-33.0618,68.5779,386.482
-33.263,68.4191,385.793
1.96248,66.226,385.018
0.636197,66.339,385.724
-30.1895,68.0282,385.811
-31.0349,68.093,385.584
2.68777,66.4825,385.606
-30.5302,68.0619,385.712
4.25153,66.8142,385.868
-35.5956,68.5303,385.337
3.58347,66.4912,385.057
0.0647517,66.0487,385.119
-0.456599,66.0244,385.239
-38.1278,68.4646,384.727
43.6286,71.2269,365.089
45.8879,71.4212,365.146
-37.6964,68.4816,384.714
-35.2889,68.2745,384.587
-33.9864,68.0951,384.403
3.89356,66.2686,383.966
-33.1961,67.8276,384.086
41.6224,70.9602,364.767
-34.0309,67.9582,383.907
-33.6404,67.8533,383.904
-37.5696,68.2572,383.846
5.15781,66.5891,384.056
4.47787,66.2899,383.624
-38.1128,68.2634,383.733
-35.8802,68.144,383.878
38.577,70.4775,365.476
-35.1803,67.9318,383.367
5.99782,66.6629,383.517
7.61571,67.1411,383.454
6.95129,66.6816,382.762
5.38759,66.4098,383.238
42.7125,71.1065,365.401
7.49398,66.7965,382.566
6.4198,66.4084,382.433
-36.9763,68.0652,383.257
-36.4437,68.1009,383.535
-35.5318,67.8232,383.006
4.2605,66.0201,382.917
-35.9652,67.8465,382.898
10.8138,67.5352,382.587
-38.094,68.014,382.808
-38.9721,68.2255,383.213
8.20899,67.0125,382.34
8.26658,66.8295,381.684
-39.1793,67.9927,382.251
-37.5636,67.7202,382.038
-41.4855,68.0746,381.965
38.3147,70.4192,365.55
40.6205,70.815,365.057
-40.778,68.1428,382.298
11.2228,67.3863,381.521
-38.8292,67.7361,381.572
12.43,67.4749,380.972
-40.1702,67.95,381.821
11.862,67.4206,381.199
7.84937,66.6241,381.518
10.8246,67.2048,381.054
9.66289,67.1799,381.791
-41.9694,67.9193,381.358
12.9256,67.5122,380.676
9.20721,66.8845,381.039
8.66459,66.7842,381.178
15.1116,67.9081,380.556
-44.5099,67.8816,380.796
39.5407,70.6668,365.664
13.5095,67.5689,380.396
-43.6836,67.8167,380.667
-44.951,67.6793,380.091
10.9326,66.9601,379.999
10.0295,66.8095,380.152
-42.5596,67.7012,380.458
-43.3696,67.6299,380.146
15.171,67.8902,380.201
-47.4715,67.7844,379.715
-48.0884,67.8455,379.798
-48.5978,67.8084,379.581
-50.3021,67.9518,379.824
-53.0744,68.0051,379.721
-53.3876,67.909,379.712
10.1012,66.689,379.793
-45.7022,67.8248,380.289
-53.6581,67.8714,379.531
-46.0503,67.6319,379.526
-47.1161,67.5607,379.179
-50.3431,67.807,379.227
13.7565,67.275,379.229
17.8862,68.2533,379.346
14.8457,67.5243,379.232
-50.9874,67.824,379.142
-48.8208,67.6636,379.095
18.1237,68.3161,379.067
15.4255,67.5123,378.526
-52.5417,67.9676,379.191
-53.0242,67.9637,379.061
17.8183,68.2483,378.868
16.2341,67.9347,379.167
-47.4707,67.3917,378.732
-48.2723,67.4638,378.714
-51.3559,67.664,378.554
-52.212,67.7745,378.692
17.9552,68.1794,378.307
-52.5444,67.635,378.184
-50.9456,67.4359,378.062
16.8411,67.7973,377.888
17.4199,67.8848,377.597
16.2194,67.5396,377.552
37.8208,70.51,366.836
19.8924,68.5091,377.839
18.411,68.0127,377.072
23.2962,68.9153,376.524
23.6996,68.9525,376.369
20.1225,68.3314,376.778
23.8217,68.9882,376.148
21.1997,68.4575,376.351
18.01,67.761,376.455
23.4169,68.9212,376.024
19.0162,67.9685,376.288
42.3848,71.0969,366.292
21.0193,68.2232,375.459
22.2646,68.5351,375.548
21.6307,68.2679,375.095
25.9366,69.1886,374.974
24.4079,68.8606,374.681
23.5469,68.747,374.968
25.2485,68.9442,374.27
21.3409,67.9719,374.229
21.0397,67.8686,374.276
24.9505,68.7813,373.65
23.2668,68.5094,374.177
22.5568,68.3837,374.511
27.3803,69.2008,373.255
29.9944,69.6892,373.267
29.568,69.6356,373.357
24.2979,68.5247,372.979
28.0342,69.285,372.911
26.686,69.1223,373.593
25.5063,68.8547,373.394
26.1095,68.8913,372.956
28.9824,69.4458,372.594
37.4697,70.4402,366.966
27.833,69.126,372.12
29.4089,69.4994,372.504
29.5081,69.3874,371.558
31.6891,69.76,371.133
30.3899,69.4629,370.952
29.1321,69.1682,370.627
35.3617,70.3964,370.287
32.1653,69.7139,370.017
35.7507,70.4283,370.343
36.2166,70.4671,370.125
33.5879,70.0682,370.265
34.1874,70.1371,369.994
34.8704,70.2149,369.87
35.4379,70.2808,369.456
35.064,70.1384,368.557
33.3485,69.775,368.439
33.9648,69.8722,368.166
36.7929,70.3483,367.411
39.7237,70.8578,367.545
39.0735,70.7078,366.842