-0.557937,62.3821,445.812
-0.806389,62.195,445.231
-0.901909,61.4237,445.057
-0.987982,62.6605,444.886
-0.884563,63.3802,445.088
-1.06035,63.4389,444.75
-1.26097,61.8906,444.379
-1.36229,63.3422,444.25
-1.45949,62.5137,444.081
-1.49318,63.8493,443.943
-1.58981,63.6503,443.826
-1.86279,62.0963,443.369
-1.82371,61.4492,443.354
-2.01719,63.5724,443.17
-2.19297,62.8469,442.882
-2.62243,63.0767,442.162
-2.74198,62.3556,441.938
-2.96677,62.3167,441.596
-3.36822,62.9687,440.972
-3.13386,62.3057,441.359
-3.65423,62.906,440.572
-3.33358,62.1598,441.015
-3.48882,63.9206,440.803
-3.6519,63.8424,440.608
-3.82321,63.9042,440.316
-4.03543,62.7726,440.035
-4.21875,61.9262,439.761
-4.03522,63.9032,439.999
-4.24511,63.708,439.754
-4.68423,61.9922,439.159
-5.00706,61.8978,438.67
-5.44359,61.7957,438.119
-5.48076,63.6532,438.053
-5.73978,62.6902,437.776
-6.49755,62.6193,436.776
-6.75767,61.7082,436.501
-6.67175,63.5603,436.513
-7.15727,62.6502,435.923
-7.48077,62.1117,435.558
-7.49718,61.1315,435.637
-7.80454,61.1346,435.268
-7.82754,60.8455,435.219
-7.83653,63.7054,435.003
-7.77901,62.9681,435.147
-8.09388,63.6109,434.733
-8.19537,63.7444,434.561
-8.03636,62.8736,434.876
-8.3215,62.8721,434.533
-8.45359,63.7557,434.223
-8.42608,61.0081,434.458
-8.56998,61.9621,434.295
-8.63723,63.6206,434.052
-8.91364,63.6763,433.706
-9.31981,62.445,433.361
-9.59647,60.8509,433.074
-9.45148,63.4143,433.095
-9.78635,61.6897,432.845
-9.91889,63.4527,432.513
-10.4015,62.5348,432.048
-10.3123,60.7268,432.225
-10.4024,63.3285,431.982
-10.6823,60.6567,431.772
-10.6362,63.5293,431.656
-10.8156,61.611,431.564
-11.3027,61.363,430.971
-11.6117,61.3872,430.591
-11.9858,61.394,430.132
-12.6018,63.2628,429.375
-12.5724,62.2949,429.435
-13.3427,63.2755,428.465
-13.3702,61.1459,428.479
-13.5329,63.2917,428.197
-13.4742,59.844,428.183
-13.8025,63.2487,427.905
-13.8707,61.0071,427.859
-13.8122,59.9308,427.862
-14.1255,59.8585,427.449
-14.4803,62.0342,427.164
-14.8281,59.9006,426.69
-15.1937,63.1433,426.289
-14.9751,62.0866,426.547
-15.0599,61.0595,426.428
-15.7602,60.9385,425.587
-16.2335,62.9991,425.107
-15.8676,59.7072,425.404
-16.4096,62.9964,424.867
-16.3429,61.5473,424.937
-16.5935,62.9699,424.629
-16.8223,62.8578,424.418
-16.3598,62.5872,424.961
-16.9378,62.4415,424.335
-16.9829,60.3315,424.178
-17.0583,62.909,424.115
-17.2975,62.8651,423.885
-17.4691,62.7602,423.73
-17.5426,60.209,423.502
-17.3455,62.3878,423.876
-17.2423,59.3578,423.674
-17.7097,62.2799,423.468
-17.7097,62.8014,423.429
-17.8448,61.1712,423.227
-17.9569,62.6473,423.163
-17.646,59.3695,423.284
-18.4548,61.4269,422.562
-18.1198,62.7217,422.932
-18.3539,62.6932,422.678
-18.6144,62.5825,422.449
-18.6125,59.3046,422.154
-19.3257,62.4451,421.707
-18.9425,62.6575,422.061
-18.9141,61.3719,422.067
-18.9847,60.3572,421.886
-19.5313,62.4532,421.451
-19.5866,60.3061,421.204
-19.7248,62.4398,421.219
-19.9817,62.3667,420.974
-19.9786,61.2558,420.883
-20.3018,60.3389,420.432
-20.8797,61.2956,419.935
-21.2664,60.1579,419.372
-21.856,60.3003,418.764
-22.1025,61.8525,418.729
-22.1354,61.1285,418.611
-22.1427,58.8252,418.181
-22.2774,59.245,418.147
-22.7199,60.7236,417.926
-22.5567,60.0733,417.994
-22.601,58.681,417.602
-23.3173,61.8333,417.503
-23.5406,61.8722,417.236
-23.2,60.7902,417.452
-23.9656,60.6395,416.693
-23.9686,59.6433,416.45
-24.4858,61.6358,416.36
-24.584,59.7269,415.821
-24.3249,58.709,415.771
-25.0327,59.7129,415.341
-26.3932,60.6134,414.158
-26.7022,60.7015,413.859
-26.499,60.2554,413.971
-25.4423,60.2067,415.079
-25.7679,59.4382,414.52
-27.0523,60.699,413.496
-25.6924,58.7192,414.337
-25.4392,58.4356,414.454
-27.4167,60.6681,413.148
-26.8246,59.487,413.412
-26.0491,58.645,413.905
-26.4314,58.5307,413.414
-27.1315,58.6537,412.738
-29.4605,61.4084,411.614
-30.1771,61.3189,410.894
-29.6745,60.4001,410.989
-28.9378,58.1973,410.545
-29.7861,59.2801,410.295
-30.3003,58.9885,409.574
-31.6066,61.2542,409.478
-31.0263,60.0574,409.422
-31.0023,58.9747,408.813
-33.0512,61.339,408.012
-32.4784,60.8356,408.322
-32.958,60.8275,407.821
-32.0053,59.683,408.138
-33.4818,60.7346,407.229
-32.0691,58.6233,407.414
-34.4456,61.332,406.539
-34.7247,61.1725,406.186
-33.066,59.6829,407.006
-33.5364,59.4485,406.312
-34.5549,60.4659,405.868
-33.3968,58.2778,405.673
-34.842,59.9884,405.172
-34.312,58.5838,404.797
-35.5413,60.5586,404.842
-34.7388,59.277,404.74
-35.7072,59.9884,404.199
-35.192,59.2816,404.218
-34.7651,58.5884,404.275
-34.5845,58.1281,404.199
-36.879,60.6019,403.377
-36.254,60.0348,403.616
-34.9566,58.0734,403.743
-35.3962,58.0815,403.256
-35.1971,57.4188,403.035
-36.2016,58.8119,402.784
-35.8397,58.0392,402.695
-36.8717,58.919,402.116
-37.3029,60.1434,402.517
-37.154,58.5613,401.544
-37.8425,60.4694,402.188
-36.8551,57.849,401.42
-37.1498,57.8143,401.07
-36.85,57.2728,401.026
-37.4884,57.6454,400.553
-37.9162,59.1752,401.083
-37.9102,57.8914,400.248
-39.6036,60.1939,399.993
-38.1563,58.6222,400.455
-38.1296,57.2621,399.647
-39.9277,60.1381,399.598
-38.7655,58.7283,399.867
-38.4682,57.3955,399.473
-38.858,58.131,399.487
-40.1024,59.8455,399.207
-40.1552,58.9549,398.746
-39.6017,58.1233,398.879
-40.6965,60.3174,398.901
-40.6244,58.9428,398.329
-39.1406,57.1215,398.889
-39.6946,57.5136,398.583
-40.808,59.796,398.505
-41.345,60.6104,398.315
-41.5744,60.4957,398.029
-39.9419,56.9346,398.084
-40.9326,58.501,397.843
-40.2079,57.3962,398.087
-40.0962,56.6806,397.734
-41.0248,58.0294,397.532
-40.6764,57.5222,397.654
-41.1162,59.3542,398.019
-41.8925,60.382,397.633
-40.6627,57.1099,397.295
-40.3486,56.7299,397.378
-40.2958,56.5026,397.117
-41.7065,59.7621,397.574