-21.9861,59.7858,452.091
-21.6939,59.902,451.834
-21.5975,59.3053,451.622
-21.2703,58.9981,451.026
-21.3273,58.2228,450.904
-20.7795,59.7124,450.372
-20.4933,59.0634,449.68
-20.8404,57.9946,449.777
-20.5702,57.6471,449.187
-20.0937,59.4129,449.066
-19.9258,58.5761,448.484
-19.5748,59.0093,447.962
-20.0553,57.8791,448.508
-19.7817,57.4681,447.932
-19.3063,58.8487,447.432
-19.1156,57.9753,446.995
-18.6837,58.2853,446.348
-18.6633,59.2546,446.455
-18.3501,59.5031,446.014
-18.3271,57.9601,445.753
-18.2177,57.1908,445.53
-17.7013,57.402,444.785
-17.3436,56.8859,444.297
-17.0454,58.7688,443.975
-16.7502,57.6597,443.568
-16.6966,58.6323,443.517
-16.1958,57.0177,442.81
-15.6136,56.7223,442.06
-15.4342,57.8908,441.917
-14.7443,57.7084,441.085
-14.2686,57.1314,440.575
-14.0487,56.1038,440.325
-13.6419,58.0091,439.951
-13.1017,56.9363,439.355
-12.8083,58.2483,439.039
-13.0495,57.8582,439.333
-13.178,55.1218,439.303
-12.7356,56.2006,438.948
-12.9429,55.1857,439.126
-12.2302,56.1882,438.45
-11.3451,56.7795,437.515
-11.5563,55.9914,437.755
-10.764,56.6795,436.891
-10.3085,56.5831,436.434
-9.82022,56.0225,435.995
-9.58876,57.6295,435.648
-9.35956,56.9895,435.526
-8.74146,56.7173,434.958
-8.38577,55.2712,434.662
-8.17966,55.9493,434.473
-6.58211,55.3759,432.965
-6.70762,54.8109,433.081
-6.78169,56.1936,433.12
-6.29972,56.3737,432.594
-6.0978,54.4016,432.522
-6.30897,56.8362,432.423
-5.97227,55.8316,432.321
-5.36605,54.5078,431.839
-4.96155,53.9799,431.446
-5.37534,55.8596,431.702
-5.03521,55.1668,431.449
-5.0303,56.4071,431.231
-4.32991,55.1746,430.722
-4.19251,53.8998,430.657
-3.89171,54.4355,430.322
-4.19802,56.2671,430.39
-4.00138,55.7868,430.269
-4.06644,56.5502,430.134
-3.33429,55.5764,429.583
-3.23394,54.712,429.585
-2.9242,55.949,429.066
-2.58335,54.3866,428.919
-2.40896,53.6423,428.773
-1.91536,55.0392,428.138
-1.71863,53.464,428.046
-2.15587,55.7372,428.286
-1.1915,53.8138,427.486
-0.799555,53.4153,427.083
-1.21383,54.6447,427.432
-0.637972,55.0826,426.75
-0.316384,53.3119,426.574
0.057552,53.6951,426.165
0.548003,53.2966,425.678
0.43329,54.9386,425.616
-0.0255771,54.5649,426.169
0.974498,53.6118,425.218
0.942914,54.384,425.152
1.38599,54.7187,424.609
2.15242,53.4243,423.955
2.02742,54.2157,423.983
2.6759,52.9249,423.409
2.49864,54.6337,423.378
3.27563,52.0327,422.694
3.16974,54.3167,422.68
3.49243,54.7716,422.211
3.50506,53.5474,422.424
3.23398,52.9289,422.786
3.65693,51.8281,422.197
3.56704,52.3401,422.452
4.05159,52.284,421.928
4.27571,53.3094,421.589
4.14983,51.9313,421.746
4.48917,52.6348,421.427
4.17626,54.6044,421.476
4.68179,51.9019,421.175
4.62421,53.9114,421.11
4.97838,52.3394,420.906
5.34346,54.0414,420.257
5.64835,52.2089,420.151
5.86642,53.1047,419.771
6.64871,52.8222,418.903
6.74032,54.0425,418.643
6.91548,53.3534,418.54
6.99467,51.3955,418.565
7.15288,51.7207,418.432
7.80796,51.6015,417.669
7.34452,53.909,417.942
7.66872,52.7893,417.757
8.05703,52.139,417.357
7.97879,51.2231,417.407
7.80307,53.4538,417.476
8.27641,53.613,416.872
8.7764,52.2937,416.477
8.86143,53.1032,416.273
9.13782,51.6986,416.088
9.66762,51.6332,415.459
9.2159,53.43,415.764
10.231,52.0181,414.771
9.95549,53.3588,414.879
10.3572,52.8347,414.51
10.8847,53.155,413.797
11.3528,53.0204,413.263
11.3426,51.357,413.548
11.8324,52.1855,412.799
12.5231,51.6705,412.035
12.4124,50.6661,412.319
13.2122,51.919,411.192
13.7004,52.5969,410.521
13.7342,50.9936,410.768
14.2449,50.3122,410.208
14.2837,50.8454,410.126
14.6673,51.1091,409.623
14.2109,52.4924,409.931
14.6603,51.9245,409.515
15.2336,50.6042,408.988
15.2178,52.1842,408.769
15.7398,50.8692,408.342
15.731,51.6338,408.232
16.1129,51.871,407.732
16.4942,51.5977,407.313
16.4683,50.403,407.467
16.8495,50.7526,406.922
16.8391,51.2773,406.88
16.9176,52.1078,406.553
17.1728,51.6657,406.317
17.3652,50.3571,406.259
17.5833,51.7709,405.695
18.0172,51.4231,405.207
17.943,50.7087,405.432
18.3499,50.1183,404.966
18.4187,51.7305,404.532
18.9435,50.3717,404.198
19.1088,51.1363,403.836
19.24,49.7405,403.949
19.9061,49.7159,403.184
20.5002,50.4895,402.28
20.1188,50.3364,402.804
20.8502,48.2661,402.273
21.3964,49.1078,401.516
20.9969,50.11,401.774
21.6829,47.4257,401.426
21.2853,48.2817,401.779
21.6284,50.5602,400.911
22.1237,49.4477,400.546
22.3354,47.1964,400.672
22.1302,50.2967,400.369
22.5201,48.4554,400.213
23.1678,49.1819,399.207
23.579,45.6068,399.233
23.5823,44.2423,399.423
24.0003,43.7075,398.92
24.0899,44.6424,398.688
24.3455,46.5789,398.076
23.9442,48.3446,398.311
24.5287,43.7564,398.214
24.6142,43.4494,398.068
24.7527,44.2848,397.865
24.738,43.4601,397.825
25.2661,46.2158,396.881
24.7696,49.0027,397.13
25.3662,45.3581,396.799
25.1543,49.2635,396.582
25.5208,46.9001,396.43
25.806,48.9062,395.776
26.1196,48.1284,395.454
25.8558,47.4735,395.885
26.2653,47.2337,395.29
26.5983,49.5919,394.668
26.8504,48.189,394.43
26.9389,47.6967,394.262
27.1381,47.6825,393.84
27.0982,49.3022,394
27.2693,48.6398,393.806
27.6691,48.3631,393.253
27.6377,47.9737,393.202
27.3822,49.702,393.559
27.8571,49.7881,392.858
27.8528,50.316,392.742
28.2882,49.5111,392.261
28.2967,48.8687,392.279
28.5603,50.053,391.75
28.9057,50.1517,391.206
29.1987,49.0041,390.97
29.2183,49.6425,390.849
29.6857,49.8544,390.142
29.9605,49.3408,389.833
30.0781,50.604,389.496
30.6055,50.2869,388.74
30.8039,50.8169,388.288
31.1646,50.9742,387.704
31.2088,49.6301,387.809
31.4188,49.7221,387.489
31.6292,50.0517,387.232
31.5432,50.6064,387.267
32.0981,51.171,386.414
32.3465,50.6735,386.065
32.7568,50.7349,385.508
32.6879,51.9612,385.433
32.8756,50.3719,385.288
33.1078,50.4668,384.941
33.3372,50.629,384.684
33.0359,51.6013,385.044
33.0481,51.0767,385.149
33.3963,50.8759,384.672
33.5184,51.6551,384.329
33.6783,51.1745,384.183
33.8275,51.0599,383.882
33.5444,52.3942,384.059
33.9805,52.4821,383.391
34.3624,51.9051,382.989
34.9317,53.9788,381.607
35.3589,53.0228,381.185
35.3362,53.64,381.105
35.6445,52.8425,380.688
35.6933,54.7154,380.291
35.7733,54.021,380.365
36.0989,53.7605,379.938
35.8917,55.1987,379.871
36.3834,54.0209,379.439
36.0212,56.2314,379.372
36.3096,54.934,379.336
36.5582,54.3499,379.097
36.3331,56.8054,378.733
36.3969,56.0275,378.967
36.6141,56.4749,378.501
36.5792,55.4305,378.825
36.9361,56.8947,377.944
37.2622,54.9129,377.679
37.3242,56.4703,377.514
37.3474,54.9953,377.393
37.6021,56.8442,377.044
37.4879,55.1977,377.203
37.6859,57.7015,376.801
37.9082,56.443,376.705
37.987,56.0997,376.582
38.0827,57.5712,376.282
38.1415,56.8916,376.316
38.305,56.6969,376.085
38.3708,58.8894,375.685
38.4071,58.1091,375.762
38.7891,59.9752,374.973
38.8386,59.3912,375.004
39.1833,59.0892,374.583
40.5871,62.7442,372.27
41.0014,62.7783,371.733
41.2159,62.4374,371.473
41.6667,62.5261,370.65
41.6807,62.5475,370.477
41.8135,62.8041,370.254
41.8721,64.8521,370.233
42.155,64.7885,369.889