19.9297,46.7108,336.735
19.9835,46.9617,336.679
19.819,47.308,336.701
19.889,47.561,336.664
19.7354,47.8955,336.759
23.6681,46.1678,336.775
23.6972,46.4805,336.799
24.3389,46.4097,336.757
19.7514,46.6877,336.867
-44.0533,61.7337,398.567
-43.5812,61.4024,398.181
-44.1864,62.1563,398.455
-43.8377,62.4624,397.849
-43.5803,63.3807,397.168
-42.5844,61.3171,397.1
-42.6663,61.6489,396.971
-43.1782,63.031,396.88
-42.785,63.0525,396.506
-42.3785,61.6917,396.589
-42.7865,63.5526,396.429
-42.5131,62.0819,396.528
-42.3721,63.7216,396.095
-42.3712,62.3927,396.289
-41.9985,63.4101,395.793
-42.0131,62.3188,395.954
-41.6604,61.852,395.73
-41.6996,61.4351,395.982
-41.3407,60.9102,395.947
-41.3089,61.1449,395.74
-41.5476,63.642,395.386
-41.8551,62.7329,395.706
-41.391,62.5509,395.304
-41.3188,64.1539,395.205
18.7396,47.8474,337.582
-41.1691,63.0102,395.081
-41.2813,62.049,395.307
-40.8627,61.3036,395.177
-40.4822,61.0969,394.887
-40.8744,61.7907,394.996
-40.5751,64.3058,394.585
-40.2585,63.5832,394.31
-40.4388,62.0819,394.537
-40.6238,62.7995,394.626
-39.9679,61.6696,394.188
-39.4798,61.769,393.714
-39.1413,60.8732,393.58
-39.5766,63.8936,393.711
-39.0667,61.2322,393.419
-38.6036,61.0951,393.007
-38.9361,63.8625,393.104
-38.9448,62.9339,393.14
18.951,47.3128,337.514
-38.1989,61.1951,392.603
-37.9367,63.6671,392.178
18.1338,49.0443,337.923
-37.6409,62.811,391.938
-37.8313,61.641,392.201
-36.6584,63.8929,390.971
-37.0634,61.1806,391.577
-36.5477,61.4845,391.051
-36.333,63.0267,390.709
-36.1007,60.9337,390.709
-35.5466,64.5117,389.811
-35.8316,63.572,390.183
-35.2681,60.8243,389.903
-35.6063,61.3113,390.151
-34.7375,60.7404,389.418
-35.4644,64.9526,389.724
-35.5315,63.5075,389.839
-34.0286,61.458,388.539
-35.0964,63.3454,389.377
-35.1167,62.2452,389.505
-34.417,64.179,388.545
-34.0696,62.4757,388.379
-33.4816,61.2759,388.012
-33.8047,64.1688,387.821
-33.033,61.2232,387.568
-33.437,63.5657,387.527
-32.8996,64.0525,386.818
-32.2917,61.3982,386.725
-32.0869,60.5457,386.674
-32.9586,64.8063,386.76
-32.5052,63.7862,386.369
-32.0703,62.7256,386.111
-31.7388,60.589,386.232
-31.4513,60.553,385.9
-32.1681,64.3724,385.807
-31.0233,60.5705,385.406
-30.8861,60.0773,385.359
-31.4353,62.5708,385.405
-31.7151,63.9925,385.315
-31.4173,63.2515,385.171
-30.8807,61.3041,385.084
-30.4503,61.1117,384.638
-30.9475,63.2669,384.587
-30.5352,62.3938,384.375
-31.0331,64.2871,384.411
-30.0895,60.3467,384.417
-30.6975,64.4111,383.987
-29.7146,60.1893,384.065
-30.2577,64.2908,383.448
-29.395,60.907,383.518
17.9243,49.888,338.144
-30.1542,63.0733,383.691
-28.9096,60.6242,383.069
-28.5946,60.5816,382.752
-29.5531,62.4231,383.219
-29.2529,63.4114,382.527
-28.4004,61.0555,382.393
-28.6991,62.4075,382.256
18.2709,48.3498,337.946
-27.9631,60.4066,382.118
-28.7776,63.97,381.721
-28.2681,62.2149,381.831
-27.7518,60.9659,381.708
-27.3157,60.5152,381.371
-26.8997,60.5167,380.896
-28.0919,64.0671,380.884
-27.52,62.9403,380.648
-28.2783,63.0345,381.5
-26.676,61.7688,380.149
-26.502,60.6155,380.403
-27.5581,64.2828,380.282
-27.5482,63.8196,380.33
-27.1847,64.2037,379.85
-27.0738,63.9649,379.753
-26.8125,64.2572,379.457
17.7882,49.4667,338.185
17.715,49.822,338.251
-26.0382,62.6433,379.071
-25.5745,62.123,378.786
-26.4078,63.9602,378.994
-25.2829,60.8714,378.966
-25.0885,62.6995,378.075
-24.7969,61.4479,378.254
-24.2556,60.8586,377.882
-24.9385,63.3297,377.625
-23.7666,60.8978,377.357
-25.0599,64.1871,377.374
18.0297,47.9814,338.322
-23.5724,61.3827,376.992
-22.961,60.8823,376.543
-23.9613,63.2006,376.615
-23.3759,62.4659,376.328
-22.1708,60.9285,375.725
-23.3547,64.0589,375.562
-23.0393,64.7653,374.973
-22.8771,64.3208,374.969
-22.7852,65.0599,374.634
-21.8436,62.8297,374.548
-21.7704,61.8913,374.87
-22.4216,63.8083,374.754
-22.4549,65.2021,374.261
-22.1269,63.3924,374.613
-20.5975,61.1116,373.96
-21.9447,65.0755,373.728
-20.6711,61.9147,373.693
-21.0805,63.7055,373.361
-21.3638,64.2682,373.426
-20.109,61.1905,373.406
-21.5763,65.252,373.276
-21.29,64.8606,373.116
-19.6736,61.1834,372.936
-21.0344,65.0297,372.803
-19.9756,61.9446,372.939
-21.1931,65.509,372.819
-20.5407,64.9397,372.353
-20.7586,65.7136,372.326
-20.5129,64.208,372.601
-20.3832,65.4109,372.036
-18.269,63.0208,370.899
-18.4701,64.4318,370.571
-20.1429,65.5963,371.749
-17.46,62.3034,370.342
17.6119,48.0876,338.734
-17.9405,61.0443,371.192
17.4753,49.4841,338.481
-19.8237,65.7093,371.413
17.375,50.1106,338.531
-16.9308,62.4546,369.734
-17.7132,65.2905,369.519
-19.2795,65.6509,370.897
-19.0108,66.122,370.508
-16.4516,62.4149,369.26
-18.2212,66.6353,369.578
-15.4639,62.2797,368.299
-18.2877,66.313,369.724
-18.0319,66.7991,369.376
-17.0721,65.8236,368.732
-17.6661,67.0727,369.002
-17.7449,66.8843,369.074
-17.5433,67.1718,368.857
-17.2903,67.2502,368.563
-17.1904,67.4324,368.425
-16.6126,66.3165,368.154
17.253,50.4205,338.667
-16.9796,67.4728,368.173
-15.8488,66.199,367.488
-16.4771,67.0407,367.825
-16.2744,67.3253,367.573
-14.3452,60.4721,367.672
-14.4942,62.0489,367.382
-14.1162,61.785,367.089
-15.3093,67.1373,366.694
-13.3097,59.9636,366.886
-13.8785,61.7076,366.863
-14.7501,66.0989,366.459
-13.6361,61.6001,366.616
-15.1852,68.0455,366.346
-14.3553,68.0349,365.551
-13.1353,61.5974,366.084
-12.1429,62.2896,364.951
-12.8242,64.6092,364.998
-13.7457,67.5602,365.051
-11.4344,59.8554,364.838
17.1592,48.2465,339.162
-13.4529,67.1526,364.854
17.1269,48.8522,339.022
-10.9572,60.706,364.178
-11.1036,59.5382,364.608
-12.7998,65.9378,364.562
-10.7768,59.699,364.229
-12.271,65.5166,364.18
-10.4954,58.8351,364.219
-12.3536,65.9931,364.172
-12.0553,65.2151,364.054
-10.4654,60.6109,363.719
-10.4476,59.1992,364.032
-12.0367,65.5617,363.98
-11.8593,64.9542,363.932
-10.5486,63.6632,363.086
-9.82221,59.9216,363.276
-10.8121,64.5947,363.129
-10.1094,63.3216,362.753
-9.7481,62.6898,362.567
-9.16111,60.4798,362.535
-8.659,59.47,362.252
-9.37291,62.4645,362.261
-9.41489,63.147,362.123
-8.99637,62.1388,361.979
-8.36622,62.4785,361.271
-7.91167,61.5996,361.064
-8.03971,60.25,361.489
-8.32031,63.0559,361.081
-7.40786,61.8541,360.503
-7.42516,59.7104,361.033
17.2186,49.8917,338.67
-6.94398,61.1261,360.267
-6.83325,60.3319,360.373
-6.45585,61.5627,359.671
-6.14307,60.9278,359.542
-6.29371,60.2415,359.873
-6.81774,59.251,360.539
-6.66386,58.3378,360.525
-5.5477,56.956,359.658
-5.635,57.7763,359.623
-5.99256,59.7489,359.673
-5.77726,61.2787,359.074
-5.21911,58.631,359.077
-5.42279,59.6904,359.113
-5.58735,61.79,358.78
-5.35812,60.5339,358.845
-5.28517,61.7353,358.532
-4.90556,60.7714,358.318
-4.5714,58.3133,358.505
-4.37027,60.4703,357.856
-4.47647,57.3159,358.584
-4.06789,58.9953,357.927
-3.9131,56.9389,358.121
-4.11564,59.8554,357.769
-4.10021,60.9586,357.486
-3.47613,59.6729,357.192
-3.42839,58.8129,357.35
-3.03963,57.3852,357.213
-2.61486,56.8084,356.877
-3.25302,60.5864,356.79
-3.13825,60.0221,356.781
-2.79945,58.4212,356.808
-1.0346,57.4216,355.183
-2.57291,59.8088,356.31
-2.19144,58.5704,356.19
-1.04844,56.5391,355.352
-0.7396,56.157,355.126
-2.29438,59.2994,356.15
-0.851367,58.1476,354.902
-1.94387,59.5868,355.75
-0.424383,56.0954,354.818
-0.0963663,55.9462,354.537
-0.648053,58.7091,354.585
-0.675879,54.9117,355.389
-1.63762,59.4194,355.474
-0.0930077,58.8589,353.994
0.177927,55.8501,354.294
0.550556,55.7326,353.957
1.00376,55.5041,353.548
1.8239,55.4526,352.725
0.38132,58.6761,353.555
2.04101,54.1689,352.794
2.391,54.007,352.493
2.15364,56.734,352.117
2.98458,56.2729,351.382
3.59291,54.5856,351.164
3.10699,57.2528,351.052
3.74088,56.968,350.506
4.15667,55.3924,350.442
5.39965,53.7875,349.544
4.18223,56.7949,350.114
5.07499,53.8752,349.858
5.74838,53.6507,349.206