43.0723,31.5654,327.642
43.0051,31.1344,327.719
43.2713,31.1353,327.729
42.9291,31.3334,327.672
42.8493,31.965,327.675
42.7238,30.9929,327.805
42.12,35.2812,328.059
42.4512,35.6115,328.088
41.032,33.3129,328.084
41.2396,34.3174,328.158
42.0951,32.8011,327.844
42.2358,34.6274,327.99
39.7501,32.4055,328.303
41.4462,35.9701,328.459
40.2744,34.668,328.373
39.299,34.7826,328.642
39.4443,32.0784,328.772
39.6553,31.6825,328.99
39.2985,35.3393,328.744
38.6711,32.2392,329.422
38.1857,32.7887,329.581
38.4242,33.3311,329.241
38.3414,32.0236,329.908
38.1186,34.5024,329.412
37.4068,32.2171,330.624
37.3888,34.0473,330.161
36.654,34.4965,330.703
-80.4364,39.3669,405.917
-80.4025,39.9142,405.495
-80.1485,39.2316,405.414
-80.107,39.6381,405.089
-79.5414,38.6484,404.687
-78.9593,38.0547,404.242
-79.2113,38.4956,404.317
-79.1767,39.1922,404.031
-79.0409,38.6872,404.004
-78.7062,39.721,403.653
-78.7636,39.1622,403.637
-78.5576,38.3829,403.574
-78.0329,40.4363,403.479
-78.3424,39.7004,403.449
-78.4567,38.6931,403.424
36.8066,32.4478,330.99
-77.1965,40.4073,403.161
37.2558,32.8038,330.434
-78.0506,39.079,403.247
-77.8573,38.3028,403.17
-77.9927,38.1303,403.273
-78.1076,38.6304,403.238
-77.6208,38.8781,403.11
-77.4977,38.3763,403.069
-76.0948,41.202,402.877
-76.8667,39.4563,402.982
-75.7268,40.7023,402.652
-75.7186,39.8075,402.542
-75.4053,39.4156,402.379
-74.7926,41.7036,402.553
-75.0098,40.7635,402.387
-74.6583,39.9378,402.113
-74.8082,39.0872,402.184
-75.062,39.4848,402.215
-73.4911,41.8172,402.142
-74.2846,39.4034,401.948
-74.6828,39.2715,402.087
-71.5287,43.52,401.693
-72.4949,41.1015,401.601
-72.7757,40.4027,401.547
-73.6632,39.4785,401.787
-73.9305,39.3861,401.869
-73.1182,39.6327,401.652
-73.5274,39.601,401.725
-71.178,43.7414,401.487
-71.1761,42.313,401.375
-71.3485,41.5646,401.294
-72.196,40.2609,401.348
-70.6363,42.2506,401.091
35.0987,36.2896,331.227
-70.7697,43.1174,401.184
-71.029,40.9733,401.066
-70.9082,40.4013,401.024
-71.2719,40.4507,401.103
-70.5322,43.6241,400.954
-70.1351,43.5946,400.525
-70.353,41.552,400.838
-70.0513,41.1814,400.623
-69.4857,44.8089,399.807
-69.432,41.3008,400.214
-69.1458,44.2618,399.571
-69.4604,43.2907,399.968
-69.0481,42.1738,399.795
-68.4902,44.4657,399.125
-67.8378,42.3099,398.698
-68.2633,42.0005,399.12
-67.7937,43.8576,398.66
-67.4652,42.845,398.424
-67.2609,44.6846,398.338
-66.4494,46.0663,397.964
-66.8923,42.394,398.008
-66.1768,43.8401,397.74
-65.9152,44.8153,397.651
-65.887,42.5985,397.546
-65.4705,42.2148,397.383
-64.826,44.1777,397.05
-64.9482,42.2834,397.207
-64.5196,42.4404,397.009
-64.2426,42.9757,396.78
-64.8983,46.4183,397.066
-63.9904,46.7282,396.536
-64.3845,45.489,396.777
-63.5129,42.7226,396.434
-63.4024,46.9209,396.242
-63.704,43.1311,396.486
-63.1853,45.4208,396.125
-63.1436,43.3527,396.154
-62.7096,44.6441,395.904
-62.7651,43.7318,395.953
-62.9182,46.5326,395.995
-62.3027,47.0481,395.743
-61.7406,43.6954,395.515
-61.8323,44.95,395.492
-61.4406,43.4318,395.458
-61.4442,44.2169,395.356
34.5079,36.3053,331.614
-61.0918,46.2649,395.187
-61.3626,47.292,395.337
-60.8571,44.1492,395.14
-60.1613,46.0512,394.795
-60.108,44.6402,394.838
-59.4558,44.4772,394.584
-59.2474,45.9144,394.451
-58.4548,45.9537,394.169
-58.2605,47.3537,394.12
-56.6404,48.0929,393.505
-57.736,46.2478,393.935
-55.5635,45.6838,393.196
-54.8809,47.9059,392.718
-55.5428,47.2493,393.112
-54.7386,46.564,392.625
-53.9543,49.2686,392.24
-53.9287,50.3418,392.314
-54.2845,46.7161,392.343
-52.9648,48.4302,391.771
-52.5304,50.9965,391.622
35.5193,33.5848,331.753
-52.1675,48.6646,391.403
-51.8567,48.8814,391.165
-51.5293,50.9361,390.872
-51.1881,49.8347,390.65
34.1101,37.2082,331.575
-50.8451,51.2419,390.428
-50.2235,51.412,390.029
-50.4097,48.32,390.134
-49.8006,52.3025,390.053
-50.2033,49.214,389.953
-46.0243,55.5518,389.611
-45.5063,54.9995,389.425
-46.0096,54.7097,389.576
-46.5836,54.3382,389.699
-48.8727,52.4606,389.595
-49.446,52.0618,389.738
-49.5657,51.4765,389.633
-45.3987,55.9755,389.331
-45.0339,55.3485,389.233
-46.2502,53.7139,389.459
-48.5095,52.1818,389.336
-44.9199,52.612,388.986
-45.7075,52.8307,389.055
-48.5674,51.4418,389.111
-49.2401,50.968,389.326
-44.4588,55.5809,388.926
-43.7845,53.0572,388.993
-43.4629,52.3445,389
-46.7266,52.2084,389.082
-44.5983,51.8992,388.993
-44.8513,51.6414,389.018
-48.8473,50.9351,389.111
-43.1131,54.116,388.699
-43.827,54.4224,388.844
-47.2004,51.5184,388.932
-47.7547,51.6202,388.993
-48.1273,51.1056,388.909
-48.6505,50.2586,388.91
-42.5163,52.9526,388.782
-42.5225,54.6204,388.293
-46.3359,50.9658,388.833
-47.019,50.9199,388.779
-47.2554,50.4579,388.687
-46.8983,50.3193,388.688
-47.5956,50.2203,388.662
-47.547,49.9158,388.626
34.9188,33.0252,332.259
35.5282,32.9193,331.851
-42.8581,55.8521,387.945
-42.0652,56.3028,387.102
-42.4614,57.3593,386.827
-41.2323,56.7578,386.214
-40.0225,55.8081,385.808
-38.035,56.8714,383.447
-36.6735,55.8181,382.885
-35.4755,55.954,381.827
-35.4249,56.8002,381.188
-37.1028,58.3207,381.691
-34.7721,55.9504,381.235
34.1651,35.1577,332.324
-36.3294,58.3502,380.937
-33.8095,55.8787,380.438
-36.8299,58.859,381.117
33.01,37.2359,332.342
-35.5616,58.2439,380.293
-34.927,58.0768,379.904
-34.6563,57.8084,379.905
-35.7575,58.9587,380.069
-35.4938,58.7191,379.935
-33.4919,56.5577,379.748
-33.8698,57.668,379.485
-33.399,58.0515,379.212
-33.5332,57.8975,379.298
-33.639,57.6691,379.369
-34.2606,58.8453,378.879
-34.3888,58.3725,379.346
-34.6961,58.6262,379.395
-33.5001,58.1894,379.173
-33.8751,58.2099,379.275
-33.392,57.5155,379.259
-34.1223,58.0008,379.484
-33.2862,57.744,379.188
-32.8127,57.1002,378.849
-32.8399,56.18,379.38
-32.4412,55.6936,379.262
-33.0523,57.9861,379.036
-33.2405,58.2524,378.996
-33.0214,57.8238,379.014
-33.0687,57.4706,378.993
-32.9204,58.2076,378.746
-32.8333,58.0793,378.747
-32.8156,57.7087,378.802
-31.7659,55.1749,378.889
-32.6443,57.8803,378.567
-32.2941,57.1151,378.362
-32.3789,57.6571,378.271
-32.7563,58.4369,378.121
34.5745,33.9492,332.464
-32.2565,58.2668,377.733
-31.6284,56.6513,377.926
-32.985,58.6584,377.993
-32.0911,57.8002,377.863
-31.4386,57.1281,377.504
-31.7483,56.1499,378.295
-31.2361,55.5361,378.185
-30.4506,55.1837,377.681
-32.8887,58.8973,377.643
-29.8757,54.9421,377.358
-32.5885,59.107,377.289
-32.1851,58.6981,377.252
-31.5194,58.8221,376.6
-28.1367,53.8539,376.529
-32.0482,59.7086,376.541
-29.2469,54.7473,376.946
-30.1443,56.0795,376.956
-31.4918,59.4384,376.21
-27.5484,53.7525,376.1
-31.1404,59.88,375.76
-29.4563,56.8573,375.971
-30.2503,58.4966,375.737
-27.8054,55.3761,375.396
-30.7413,60.1917,375.283
-29.7902,60.0534,374.59
-29.151,59.2964,374.444
-29.3902,60.6905,373.991
-27.1582,56.3025,374.38
-28.21,59.3443,373.678
-27.2569,58.0624,373.534
-24.5766,53.2555,374.032
-25.7979,53.9596,374.663
-28.8177,60.6983,373.592
-26.016,55.2976,374.004
-23.8842,53.2283,373.368
-22.5801,51.9292,373.239
-23.0909,52.3549,373.283
-24.8998,54.1285,373.827
-26.3885,57.8353,372.998
-26.3261,58.2681,372.834
-25.3071,56.5787,372.808
-21.0298,51.4386,372.628
-21.6473,51.6182,372.868
-22.0679,51.8447,372.929
-23.6597,54.0723,372.776
-24.2227,54.9673,372.752
-24.4119,56.0794,372.392
-23.1181,53.4317,372.741
-22.4167,53.0481,372.523
-20.8282,51.4436,372.424
-20.3948,51.2523,372.271
-23.762,56.376,371.779
-21.7946,52.8266,372.258
-21.3611,52.6353,372.106
-20.7733,52.4516,371.774
-20.5735,53.8538,370.888
-22.156,55.8473,370.965
-18.0233,51.6669,370.243
-21.1536,55.4679,370.489
-18.6563,53.3471,369.795
-15.183,49.5471,369.205
-17.2339,52.6936,369.082
-14.7967,49.4104,368.965
-15.2573,49.8755,368.987
-16.3915,51.518,369.046
-14.871,49.7388,368.747
-13.265,48.8638,367.963
-14.3039,49.5964,368.342
-13.8521,49.1266,368.29
-15.0869,51.9182,367.656
-14.0305,50.3074,367.663
-12.6944,48.6541,367.62
-14.9493,52.9114,367.028
-13.9332,52.4404,366.431
-13.0081,49.6278,367.268
-13.205,52.1616,365.995
-12.7261,51.7117,365.807
-11.1346,48.9881,365.995
-12.5694,50.3176,366.475
34.2656,33.1197,332.698
33.9301,33.3782,333.002
-11.6782,49.9402,365.915
-11.3712,51.1392,364.957
-10.3919,49.5152,364.957
-8.77621,47.199,364.923
-9.88601,48.5505,365.094
-8.51865,47.5343,364.474
-8.21671,46.9555,364.613
-10.859,51.0996,364.555
-10.4233,50.4276,364.475
-7.69225,46.7953,364.217
-8.55139,48.6608,363.942
-9.90495,50.6108,363.98
-7.73229,47.2303,363.949
-9.23089,49.2951,364.17
-9.21847,50.4429,363.539
-7.17522,47.9912,363.128
-5.46526,45.9158,362.851
-5.71304,46.0238,363.003
-5.22336,45.829,362.703
-7.8797,49.4916,362.921
-4.87119,45.7441,362.431
-8.01128,50.5271,362.611
-7.8548,50.2959,362.535
-6.00495,48.1961,362.012
-5.23259,46.9201,362.035
-4.36146,46.6219,361.45
-2.8841,44.9825,361.071
-2.40882,44.7656,360.772
-3.83947,47.4025,360.506
-3.10309,46.1728,360.514
-1.87968,44.5671,360.347
-3.98407,48.6409,359.914
-2.17174,46.4338,359.386
-1.15731,44.9326,359.353
-2.0352,47.3477,358.681
-2.51568,48.1281,358.771
-0.411571,44.5354,358.891
0.348941,44.245,358.315
-1.07544,46.985,357.937
33.2281,35.9799,332.685
-0.333961,46.7458,357.354
0.446184,46.2286,356.881
0.883026,44.9311,357.305
1.18392,46.4742,356.035
2.06799,43.8242,356.91
2.80636,44.4349,355.702
3.81947,42.7617,355.781
4.55284,42.5493,355.132
3.4114,42.913,356.1
2.9489,45.5322,354.817
3.67848,43.6526,355.315
3.78764,45.4547,354.048
5.35569,43.4895,353.713
6.16859,42.7859,353.315
4.8894,44.4415,353.578
7.07144,41.0148,353.486
6.74139,41.1309,353.778
7.27293,41.0255,353.221
4.52393,45.1636,353.467
7.01016,43.0667,352.269
7.08976,44.1142,351.563
7.7719,41.6398,352.307
9.12923,41.1106,351.304
7.75425,43.683,351.094
7.61146,44.2094,350.97
9.56149,42.0767,350.368
8.72368,43.4129,350.362
10.629,41.892,349.467
10.6638,43.0451,348.772
11.7163,40.3946,349.275
12.3181,41.3201,348.187
13.9295,39.4518,347.781
32.7217,35.0702,333.497
15.6062,38.1445,347.14
14.8129,39.1088,347.205
13.2594,41.2395,347.383
13.7807,40.6503,347.209
13.3216,42.3737,346.717
15.256,40.2367,346.164
14.6411,41.5478,345.939
16.7677,37.9769,346.126
17.4488,37.778,345.623
16.2908,39.3525,345.761
16.7215,40.2931,344.807
16.9944,41.3044,344.01
17.5129,40.0497,344.242
19.1111,38.4664,343.7
18.1479,39.9259,343.752
33.2473,33.427,333.527
32.8048,33.8443,333.908
20.2869,39.2471,342.27
21.4234,38.3432,341.756
21.8143,37.114,342.016
22.575,36.4637,341.704
21.6219,39.4327,341.014
22.5296,36.9865,341.44
23.5412,36.1038,341.149
23.1704,36.7248,341.048
22.579,39.0295,340.387
23.4227,38.2861,340
23.4974,37.1983,340.495
32.0806,36.4324,333.466
22.6814,39.7116,340.017
25.1448,36.216,339.564
25.1141,35.705,339.89
25.7632,35.5077,339.427
24.4789,36.9344,339.77
26.3672,36.0089,338.579
26.4077,36.8321,338.139
27.1394,37.0789,337.42
26.6061,38.6023,337.207
26.9879,38.2095,337.034
27.9959,37.0888,336.723
29.1687,34.7296,336.87
28.1628,38.1937,336.105
28.8797,36.8891,336.054
30.9403,34.2626,335.386
29.6044,37.8268,335.018
29.9669,35.6065,335.659
29.951,34.7379,336.074
30.1346,37.8139,334.581
31.3057,36.437,334.131