32.2168,43.7109,354.343
33.9443,41.2168,354.487
33.0804,42.1731,354.556
32.8079,42.7805,354.471
31.1127,43.818,354.732
31.6041,43.9297,354.487
33.6184,41.1731,354.698
31.2468,44.1894,354.557
31.6501,43.3544,354.76
33.069,41.6426,354.811
33.7101,40.5784,354.912
30.5107,44.3276,354.818
30.276,44.5067,354.908
30.5286,44.0313,354.91
29.9646,44.6303,355.028
30.985,43.3796,355.019
30.1841,43.7436,355.23
29.6308,44.678,355.16
31.9335,42.8432,354.875
32.4606,41.6263,355.184
31.5976,42.2194,355.334
30.3534,43.249,355.386
28.7067,45.051,355.538
29.6166,43.9458,355.455
29.3926,44.4603,355.356
28.8471,44.6968,355.582
32.2616,41.1983,355.473
28.4191,44.6627,355.865
-39.2072,60.2481,417.634
-39.3699,61.1069,417.454
-39.4056,61.4053,417.505
31.6219,41.1364,355.855
-38.9717,59.8801,416.98
-39.1401,60.4069,416.995
-39.0073,60.1411,416.707
-38.8424,59.7877,416.661
-39.3665,61.7254,416.728
-39.3157,61.1784,416.893
-39.3252,61.5643,416.521
-39.1846,60.8524,416.657
-38.7757,59.8948,416.205
-38.8777,60.1496,416.211
-39.0025,60.8947,415.966
-38.8285,60.4577,415.808
-38.6403,60.2708,415.417
-39.0416,61.3119,415.75
-38.8933,61.4368,415.328
-38.5572,59.8956,415.541
-38.2217,59.876,414.84
-38.5968,61.2268,414.862
-38.3203,60.661,414.643
-38.3896,60.2669,414.935
-38.4767,61.5727,414.495
-37.9112,60.6403,414.018
30.2736,42.3869,355.927
-38.1463,61.577,413.978
-37.8573,61.2105,413.718
-37.4545,60.2432,413.6
28.1332,45.3137,355.8
-37.4677,61.5378,413.128
-37.0272,61.2318,412.713
-36.96,60.5074,412.886
31.5306,40.8101,356.085
-36.6739,61.699,412.134
-36.4671,60.2006,412.413
31.1181,41.177,356.155
-36.0492,60.1119,411.851
-35.8032,59.6663,411.766
-36.1888,60.8858,411.746
-36.0833,62.0881,411.195
-35.9759,61.222,411.273
30.8948,41.8319,355.922
-35.33,60.0138,410.579
-35.5159,60.7295,410.632
-35.0809,59.9504,410.098
-35.0327,59.4651,410.286
-35.3897,61.4717,410.087
29.7814,42.8338,355.981
-34.6499,59.4032,409.611
-34.8215,59.9184,409.62
-35.0108,61.4332,409.453
-34.6933,61.0655,409.031
-34.6269,60.3563,409.135
-34.7565,61.9142,408.995
-34.2543,59.9382,408.666
-34.366,61.9213,408.413
-34.3587,61.4694,408.429
-34.1127,62.0728,408.106
-33.9182,60.1857,408.089
-34.0196,61.4416,407.955
-33.8265,60.9134,407.784
-33.6367,59.6824,407.835
-33.2312,59.5908,407.348
-33.343,61.152,407.128
-33.2481,61.7357,406.959
-32.9859,60.6563,406.797
-32.9529,59.8789,406.939
-32.403,60.7418,406.123
-32.1719,61.2543,405.781
-32.3633,59.4748,406.366
-32.0308,59.9456,405.874
-32.5593,61.8605,406.159
-32.3194,61.7241,405.874
-31.4367,59.532,405.323
-31.6287,61.3986,405.182
-31.2658,60.4725,404.973
-30.6421,58.7089,404.681
-30.4601,58.7374,404.428
27.897,45.1438,356.009
-30.1371,58.8777,403.981
-30.7215,60.7694,404.354
-30.1375,59.7956,403.842
-29.5602,60.6222,403.098
-29.0952,60.2237,402.637
-29.0167,58.6881,402.66
-28.8886,59.3251,402.446
-28.6163,61.1542,402.036
-28.3487,58.4364,401.931
-28.2076,58.4549,401.683
-28.3898,59.1131,401.833
-28.0592,59.0552,401.34
-27.6176,59.0105,400.584
28.1781,44.0643,356.327
-27.0826,59.8953,399.575
-26.9811,61.0258,399.455
-26.2521,58.1515,398.36
-26.2566,59.2891,398.26
-26.0659,58.249,397.948
-25.9676,58.0615,397.85
-25.9813,59.3104,397.721
-25.7179,59.5867,397.196
-25.4676,61.1204,396.765
-25.5355,58.6436,396.867
-25.5499,60.4116,396.862
-25.1833,59.7537,396.199
-25.1919,58.9383,396.228
-25.0237,58.4777,395.999
-24.9266,60.2506,395.729
-24.5366,60.2429,395.026
-24.7014,58.3667,395.483
-24.3076,59.5589,394.662
-24.3839,58.6403,394.878
29.3286,42.4524,356.492
-24.1103,58.1758,394.508
-23.7788,60.7146,393.715
-23.8136,58.2787,393.97
-23.8884,59.8248,393.929
-23.4614,60.9172,393.205
30.8858,40.7855,356.621
31.0268,40.8507,356.385
-23.6681,59.0091,393.607
-23.3606,58.7987,393.118
-23.1739,60.5131,392.762
-23.1346,59.4229,392.735
-22.9311,61.6587,392.434
-22.8758,61.0931,392.324
-22.8009,58.9283,392.237
-22.4966,60.9303,391.788
-22.3318,60.1186,391.525
-22.3193,62.0355,391.624
-22.4898,59.3277,391.739
-22.2343,61.57,391.451
-22.2381,58.7491,391.366
-21.8257,61.6222,390.973
-21.6197,62.1862,390.801
-21.5809,61.1242,390.67
-21.9328,59.9001,390.954
-21.8003,59.1307,390.752
-21.6471,60.3384,390.645
-21.1704,62.4357,390.418
-21.4938,58.9506,390.355
26.0665,46.4307,356.73
-21.3147,59.2463,390.147
-21.3384,58.578,390.249
-21.1194,61.7819,390.293
-21.3355,59.8647,390.235
-21.1143,58.5658,390.004
-20.949,60.1377,389.938
26.9416,45.7266,356.434
-20.7991,61.2692,389.97
-21.0073,59.0392,389.852
-20.9623,58.7314,389.815
-20.7498,59.5704,389.71
-20.2708,62.1634,389.683
-19.3705,63.6504,389.27
-20.2538,59.5737,389.413
-20.1529,59.0918,389.33
-19.5958,61.4089,389.218
-19.5735,60.134,389.096
-19.2564,63.5614,389.192
-19.0699,62.4921,389.022
-18.5134,62.4851,388.754
-18.3668,63.7319,388.738
-18.0176,62.0532,388.545
-18.9811,59.8827,388.745
-17.6584,61.4266,388.418
-18.3721,60.0866,388.496
-17.8709,63.3,388.529
-17.7988,60.6855,388.394
-17.1506,60.6726,388.215
-17.1873,60.2159,388.207
-17.7523,63.6472,388.384
-16.9034,61.7824,388.169
-16.7479,60.2286,388.164
-16.1218,60.5266,387.91
-16.6757,61.1983,388.079
-16.2804,60.9786,387.9
-17.2258,63.8074,387.915
-16.5193,62.1459,387.87
-15.8281,61.9037,387.492
-15.8169,61.3205,387.611
-15.1677,60.7833,387.381
-16.5379,63.5412,387.45
-15.3236,61.0813,387.359
-16.2625,62.7653,387.5
-14.715,60.8263,387.132
-14.4583,60.9698,386.876
-15.9944,64.3839,386.77
-15.358,62.1597,387.111
-14.8618,61.9078,386.816
-14.426,61.2581,386.711
-16.168,64.9234,386.746
-15.4579,62.8059,386.958
-14.8386,61.4126,386.945
29.4532,41.5029,356.969
-14.1495,60.9827,386.697
-15.2981,64.5668,386.026
-14.9978,62.9503,386.517
-14.565,62.3542,386.407
-14.8534,63.9282,385.919
-13.8149,61.7554,385.983
-14.1298,62.2674,386.029
-13.9714,63.7939,385.047
-13.6807,62.7293,385.268
-15.1701,65.2165,385.652
-13.4059,61.7005,385.574
-13.2051,61.413,385.522
-14.759,65.5183,385.206
-13.1759,61.8419,385.119
-13.7323,64.7161,384.393
-13.1357,62.3587,384.766
-14.086,65.6212,384.472
-12.7629,62.3725,384.194
-13.011,64.5232,383.747
-12.6138,62.8963,383.798
-12.556,63.7543,383.503
-12.3115,61.9492,383.799
-12.1726,61.7281,383.787
-13.0208,65.4454,383.478
-11.9988,62.7521,383.278
-12.2798,62.5226,383.574
-11.4939,62.2995,383.15
-12.7779,66.0661,383.206
-12.136,63.6818,383.118
-12.5744,65.6115,383.054
-10.7817,62.3705,382.753
25.6479,46.5078,356.955
-9.62361,62.766,381.942
-10.4697,62.7801,382.422
-11.509,63.9545,382.642
-10.6801,63.4432,382.286
-9.34906,62.3902,381.896
-11.346,65.0267,382.165
-11.9816,65.689,382.461
-10.6251,65.0485,381.634
-8.97855,62.3887,381.61
-10.0016,64.0018,381.618
-9.57131,63.5548,381.51
-10.1096,64.5349,381.442
-8.86269,62.5636,381.344
-10.9301,66.1793,381.299
-9.30276,63.7218,381.127
-8.9851,63.0794,381.128
-10.6672,65.6838,381.327
-9.34754,64.2431,380.81
-10.2843,65.6524,380.961
-9.9795,65.1428,380.972
-8.72272,62.8326,380.717
-9.5104,64.9993,380.229
-9.38565,64.5352,380.494
-9.18986,64.2606,380.424
-9.80068,65.4639,380.44
-8.55756,62.6942,380.174
-8.97891,63.9951,379.943
-9.42793,65.4889,379.454
-9.65878,66.0917,379.446
26.3163,44.8994,357.121
-9.60592,66.3176,379.177
-8.89383,64.3361,379.096
-8.65378,63.1967,379.786
-9.14517,65.1427,378.931
-8.26273,62.6345,379.058
-9.43643,66.3009,378.7
-8.3624,63.9233,378.027
-9.18014,65.9688,377.954
-9.0702,65.4904,378.151
-7.31959,61.4512,377.708
-7.1816,61.3549,377.333
-7.90145,62.8148,377.962
-7.44858,62.1508,377.353
-8.85141,65.4647,377.453
-8.39495,64.7043,377.165
-8.96136,65.9431,377.256
-7.08741,61.4092,376.856
-7.27811,62.1523,376.759
-8.53888,66.0469,376.001
-7.08272,62.3577,376.077
-8.21252,65.0966,376.223
-6.95361,62.9458,375.424
-6.69761,61.5725,375.736
-7.47237,64.1802,375.466
-7.17622,64.3908,374.563
-6.43993,61.8841,375.128
-5.97221,61.0109,375.104
-7.99102,66.0026,374.751
-6.47276,62.6121,374.695
-6.09258,61.59,374.889
-7.52222,65.2501,374.469
-5.71103,61.976,374.203
-5.30913,61.1806,374.142
-4.74883,59.7551,374.004
-6.99801,64.8302,373.761
-6.24166,63.0007,374.069
-4.96705,61.1808,373.657
-6.42637,63.545,373.896
-5.82728,62.6587,373.816
-4.71763,60.3284,373.687
-6.95191,65.4392,373.169
-5.44768,62.9134,373.143
-6.48027,64.0364,373.559
-7.19054,66.0302,373.122
-4.80116,61.8986,373.034
-6.16414,64.1031,373.032
-4.92307,62.4939,372.802
-4.30572,60.4481,372.967
28.3772,43.2025,356.655
-5.60207,63.5899,372.741
-3.49265,58.6909,372.62
-4.04664,59.7058,372.866
-6.34592,64.9144,372.609
-7.24364,66.7164,372.726
-3.62513,59.6824,372.29
-3.41694,59.0478,372.333
-4.27316,61.2884,372.551
-7.00001,66.3954,372.513
-5.90538,65.0218,371.932
-5.19918,63.771,372.12
-5.3207,64.3915,371.733
-2.93623,59.0746,371.814
-2.66152,58.5005,371.807
-6.70407,66.6481,371.869
-3.78594,61.3204,371.855
-4.76281,63.0824,372.136
-2.32936,58.3068,371.551
-5.9176,65.621,371.459
-6.41486,66.5981,371.437
-6.17049,66.1968,371.338
-3.39698,60.4567,371.695
-4.31073,63.9564,370.96
-2.9695,60.0762,371.414
-4.15368,62.5191,371.672
-3.58008,62.7725,370.883
-2.49825,60.6244,370.793
-0.983439,57.5818,370.761
-0.369126,57.4278,370.286
-5.80569,66.5774,370.654
-5.32026,65.6564,370.768
-4.29807,64.622,370.468
-2.13282,59.429,370.936
-1.42788,57.9022,370.987
-0.238673,56.7304,370.387
-6.22615,67.1995,370.832
-5.87479,67.1218,370.456
-2.59814,61.8565,370.382
-5.35214,66.3151,370.378
0.129353,56.3941,370.163
0.0638553,58.0401,369.771
-3.51592,64.7995,369.834
-5.64166,67.475,370.108
-2.10364,62.2296,369.838
-0.833345,59.009,370.229
-1.23422,59.9291,370.18
0.599686,56.1397,369.888
-3.94043,65.9202,369.603
-5.30769,67.4172,369.865
-4.89407,67.6073,369.618
-2.60739,63.8999,369.642
0.807231,57.6732,369.347
1.01909,56.189,369.592
2.04249,54.7894,369.482
1.66852,55.1397,369.532
-4.75324,67.4481,369.521
-4.98552,66.6164,369.905
-5.06018,67.1246,369.748
-0.875069,61.1761,369.472
-2.26039,63.0737,369.64
-1.53174,61.7968,369.61
1.66521,55.5051,369.38
26.9084,43.8639,357.215
-4.7574,67.2303,369.513
-4.49482,66.3791,369.65
-2.49911,64.3586,369.424
0.04408,59.3009,369.487
1.16168,56.7739,369.342
0.594875,59.7765,368.996
2.8665,54.3766,369.056
1.2931,58.3232,368.884
2.2806,55.5086,368.983
2.04705,56.3295,368.89
1.10051,59.1657,368.817
2.43159,56.8352,368.535
2.83319,54.883,368.83
2.03208,57.9296,368.525
3.37069,54.6133,368.537
2.46057,58.352,368.189
2.30297,58.8611,368.18
3.377,56.8778,367.983
4.40445,53.9707,368.017
3.84996,54.7215,368.168
4.02432,55.8547,367.816
3.10787,58.0437,367.896
3.62479,57.6639,367.68
3.28786,58.5357,367.768
3.40597,58.3143,367.707
27.5036,42.6536,357.502
25.1987,46.8255,357.165